105.327
128.257
168.914
217.645
316.276
286.178
331.875
347.356
502.572
552.723
547.462
627.149
641.024
629.09
613.574
1013.33
927.362
619.797
857.118
857.721
1265.17
1232.74
1351.71
1365.85
1174.78
785.055
1032.44
991.211
926.245
972.46
1254.04
1487.17
1348.9
1450.89
1382.35
1222.2
1602.76
1402.98
1056.64
1012.19
791.164
732.341
866.453
622.618
586.887
573.44
556.747
1073.69
1232.29
1493.55
1083.67
962.68
968.687
688.614
729.825
619.39
405.534
489.663
501.801
692.078
496.882
431.696
678.24
616.941
476.107
436.397
642.577
761.794
817.218
607.22
649.895
861.817
654.051
940.933
683.79
496
499.003
556.119
586.838
744.303
958.032
769.881
647.082
1344.14
3458.03
3377.03
2928.09
-nan
-nan
-nan
-nan
-nan
-nan
-nan
-nan
-nan
-nan
-nan
-nan
