101, 100, 99, 98, 112, 126, 140, 
type_1_num: 240; type_2_num: 213
141, 142, 143, 144, 130, 116, 
116, 130, 144, 143, 142, 141, 
116, 130, 144, 143, 142, 141, 
type_1_num: 240; type_2_num: 214
142, 143, 157, 
157, 156, 142, 
157, 156, 142, 
type_1_num: 240; type_2_num: 215
143, 144, 145, 131, 
131, 130, 144, 143, 
131, 145, 144, 143, 
type_1_num: 240; type_2_num: 216
144, 130, 116, 115, 101, 100, 99, 
99, 100, 101, 102, 116, 130, 144, 
99, 113, 127, 128, 142, 143, 144, 
type_1_num: 240; type_2_num: 217
145, 159, 158, 157, 
157, 158, 159, 145, 
157, 158, 159, 145, 
type_1_num: 240; type_2_num: 218
146, 147, 148, 134, 120, 
120, 134, 148, 147, 146, 
120, 119, 133, 132, 146, 
type_1_num: 240; type_2_num: 219
147, 146, 145, 131, 117, 
117, 118, 119, 133, 147, 
117, 118, 119, 133, 147, 
type_1_num: 240; type_2_num: 220
148, 149, 135, 121, 
121, 120, 134, 148, 
121, 135, 149, 148, 
type_1_num: 240; type_2_num: 221
149, 150, 151, 137, 138, 
138, 137, 151, 150, 149, 
138, 137, 151, 150, 149, 
type_1_num: 240; type_2_num: 222
150, 151, 137, 123, 109, 
109, 123, 137, 151, 150, 
109, 123, 137, 151, 150, 
type_1_num: 240; type_2_num: 223
151, 150, 149, 135, 121, 120, 
120, 134, 135, 149, 150, 151, 
120, 134, 148, 149, 150, 151, 
type_1_num: 240; type_2_num: 224
152, 138, 137, 123, 122, 108, 107, 
107, 108, 109, 110, 124, 138, 152, 
107, 108, 109, 110, 124, 138, 152, 
type_1_num: 240; type_2_num: 225
153, 152, 151, 137, 123, 122, 108, 
108, 109, 110, 111, 125, 139, 153, 
108, 109, 110, 111, 125, 139, 153, 
type_1_num: 240; type_2_num: 226
154, 140, 141, 127, 128, 
128, 127, 126, 140, 154, 
128, 127, 141, 140, 154, 
type_1_num: 240; type_2_num: 227
155, 156, 142, 
142, 141, 155, 
142, 156, 155, 
type_1_num: 240; type_2_num: 228
156, 157, 143, 144, 145, 131, 117, 
117, 131, 145, 159, 158, 157, 156, 
117, 131, 145, 159, 158, 157, 156, 
type_1_num: 240; type_2_num: 229
157, 156, 155, 154, 140, 126, 
126, 140, 154, 155, 156, 157, 
126, 140, 141, 142, 143, 157, 
type_1_num: 240; type_2_num: 230
158, 144, 130, 116, 115, 
115, 116, 130, 144, 158, 
115, 116, 130, 144, 158, 
type_1_num: 240; type_2_num: 231
159, 158, 157, 156, 142, 128, 
128, 142, 156, 157, 158, 159, 
128, 142, 143, 157, 158, 159, 
type_1_num: 240; type_2_num: 232
160, 159, 158, 144, 
144, 145, 146, 160, 
144, 145, 146, 160, 
type_1_num: 240; type_2_num: 233
161, 162, 163, 164, 150, 
150, 164, 163, 162, 161, 
150, 149, 148, 147, 161, 
type_1_num: 240; type_2_num: 234
162, 161, 147, 133, 
133, 134, 148, 162, 
133, 134, 148, 162, 
type_1_num: 240; type_2_num: 235
163, 164, 150, 136, 
136, 135, 149, 163, 
136, 135, 149, 163, 
type_1_num: 240; type_2_num: 236
164, 163, 162, 148, 
148, 149, 163, 164, 
148, 149, 163, 164, 
type_1_num: 240; type_2_num: 237
165, 164, 163, 162, 148, 134, 120, 
120, 134, 135, 149, 163, 164, 165, 
120, 134, 148, 162, 163, 164, 165, 
type_1_num: 240; type_2_num: 238
166, 165, 151, 137, 
137, 138, 152, 166, 
137, 138, 152, 166, 
type_1_num: 240; type_2_num: 239
167, 166, 165, 151, 
151, 152, 166, 167, 
151, 165, 166, 167, 
type_1_num: 240; type_2_num: 240
0, 14, 15, 29, 30, 
30, 16, 15, 14, 0, 
type_1_num: 241; type_2_num: 240
1, 2, 16, 30, 44, 
44, 30, 29, 15, 1, 
type_1_num: 242; type_2_num: 240
2, 3, 17, 
17, 3, 2, 
type_1_num: 243; type_2_num: 240
3, 2, 1, 0, 14, 28, 
28, 29, 15, 1, 2, 3, 
type_1_num: 244; type_2_num: 240
4, 3, 2, 16, 30, 44, 
44, 30, 31, 32, 18, 4, 
type_1_num: 245; type_2_num: 240
5, 19, 33, 32, 46, 
46, 47, 33, 19, 5, 
type_1_num: 246; type_2_num: 240
6, 5, 4, 3, 17, 
17, 18, 19, 20, 6, 
type_1_num: 247; type_2_num: 240
7, 8, 9, 23, 
23, 22, 8, 7, 
type_1_num: 248; type_2_num: 240
8, 9, 10, 11, 25, 
25, 24, 23, 22, 8, 
type_1_num: 249; type_2_num: 240
9, 8, 7, 21, 35, 49, 48, 
48, 49, 35, 21, 22, 23, 9, 
type_1_num: 250; type_2_num: 240
10, 11, 25, 26, 40, 
40, 26, 12, 11, 10, 
type_1_num: 251; type_2_num: 240
11, 10, 9, 8, 22, 
22, 8, 9, 10, 11, 
type_1_num: 252; type_2_num: 240
12, 11, 10, 24, 38, 52, 
52, 53, 54, 40, 26, 12, 
type_1_num: 253; type_2_num: 240
13, 12, 26, 40, 39, 53, 
53, 54, 55, 41, 27, 13, 
type_1_num: 254; type_2_num: 240
14, 15, 29, 30, 44, 
44, 30, 16, 15, 14, 
type_1_num: 255; type_2_num: 240
15, 16, 17, 31, 45, 
45, 44, 43, 29, 15, 
type_1_num: 256; type_2_num: 240
16, 17, 31, 32, 46, 
46, 32, 31, 30, 16, 
type_1_num: 257; type_2_num: 240
17, 18, 32, 
32, 31, 17, 
type_1_num: 258; type_2_num: 240
18, 19, 20, 21, 7, 
7, 6, 5, 4, 18, 
type_1_num: 259; type_2_num: 240
19, 18, 17, 16, 30, 44, 
44, 30, 31, 32, 33, 19, 
type_1_num: 260; type_2_num: 240
20, 34, 35, 36, 50, 
50, 36, 35, 34, 20, 
type_1_num: 261; type_2_num: 240
21, 20, 19, 33, 47, 61, 
61, 62, 63, 49, 35, 21, 
type_1_num: 262; type_2_num: 240
22, 23, 37, 51, 65, 66, 
66, 65, 64, 50, 36, 22, 
type_1_num: 263; type_2_num: 240
23, 9, 10, 11, 12, 
12, 11, 10, 9, 23, 
type_1_num: 264; type_2_num: 240
24, 23, 37, 51, 65, 
65, 51, 52, 38, 24, 
type_1_num: 265; type_2_num: 240
25, 24, 23, 22, 36, 
36, 37, 23, 24, 25, 
type_1_num: 266; type_2_num: 240
26, 27, 13, 
13, 12, 26, 
type_1_num: 267; type_2_num: 240
27, 26, 40, 54, 68, 
68, 69, 55, 41, 27, 
type_1_num: 268; type_2_num: 240
28, 29, 15, 16, 2, 3, 
3, 2, 1, 0, 14, 28, 
type_1_num: 269; type_2_num: 240
29, 43, 57, 71, 72, 73, 74, 
74, 73, 72, 71, 57, 43, 29, 
type_1_num: 270; type_2_num: 240
30, 16, 15, 14, 0, 
0, 1, 2, 16, 30, 
type_1_num: 271; type_2_num: 240
32, 46, 47, 48, 62, 
62, 61, 47, 33, 32, 
type_1_num: 272; type_2_num: 240
33, 19, 5, 4, 3, 2, 
2, 3, 4, 5, 19, 33, 
type_1_num: 273; type_2_num: 240
34, 33, 19, 
19, 33, 34, 
type_1_num: 274; type_2_num: 240
35, 34, 48, 
48, 49, 35, 
type_1_num: 275; type_2_num: 240
36, 50, 64, 65, 79, 80, 
80, 79, 78, 64, 50, 36, 
type_1_num: 276; type_2_num: 240
37, 36, 22, 
22, 36, 37, 
type_1_num: 277; type_2_num: 240
39, 40, 41, 27, 
27, 41, 40, 39, 
type_1_num: 278; type_2_num: 240
40, 39, 38, 37, 51, 65, 79, 
79, 80, 81, 82, 68, 54, 40, 
type_1_num: 279; type_2_num: 240
41, 55, 54, 53, 67, 
67, 53, 54, 55, 41, 
type_1_num: 280; type_2_num: 240
42, 28, 14, 0, 1, 
1, 0, 14, 28, 42, 
1, 0, 14, 28, 42, 
type_1_num: 280; type_2_num: 241
43, 42, 56, 
56, 42, 43, 
56, 57, 43, 
type_1_num: 280; type_2_num: 242
44, 43, 42, 56, 
56, 57, 58, 44, 
56, 42, 43, 44, 
type_1_num: 280; type_2_num: 243
46, 32, 31, 
31, 32, 46, 
31, 32, 46, 
type_1_num: 280; type_2_num: 244
47, 48, 49, 63, 
63, 62, 61, 47, 
63, 62, 48, 47, 
type_1_num: 280; type_2_num: 245
48, 47, 33, 32, 
32, 33, 34, 48, 
32, 33, 34, 48, 
type_1_num: 280; type_2_num: 246
49, 48, 34, 33, 19, 
19, 20, 21, 35, 49, 
19, 20, 21, 35, 49, 
type_1_num: 280; type_2_num: 247
50, 64, 65, 
65, 64, 50, 
65, 51, 50, 
type_1_num: 280; type_2_num: 248
51, 52, 66, 80, 
80, 79, 65, 51, 
80, 79, 65, 51, 
type_1_num: 280; type_2_num: 249
53, 54, 68, 82, 
82, 81, 67, 53, 
82, 68, 54, 53, 
type_1_num: 280; type_2_num: 250
54, 68, 82, 81, 80, 
80, 81, 82, 68, 54, 
80, 81, 82, 68, 54, 
type_1_num: 280; type_2_num: 251
55, 41, 27, 26, 25, 11, 
11, 12, 26, 40, 54, 55, 
11, 12, 13, 27, 41, 55, 
type_1_num: 280; type_2_num: 252
56, 70, 71, 72, 86, 
86, 72, 71, 70, 56, 
86, 85, 84, 70, 56, 
type_1_num: 280; type_2_num: 253
57, 56, 42, 
42, 56, 57, 
42, 56, 57, 
type_1_num: 280; type_2_num: 254
58, 72, 73, 87, 
87, 86, 72, 58, 
87, 86, 72, 58, 
type_1_num: 280; type_2_num: 255
59, 60, 61, 62, 48, 
48, 62, 61, 60, 59, 
48, 47, 61, 60, 59, 
type_1_num: 280; type_2_num: 256
60, 59, 58, 72, 86, 
86, 72, 58, 59, 60, 
86, 87, 88, 74, 60, 
type_1_num: 280; type_2_num: 257
61, 75, 74, 
74, 75, 61, 
74, 75, 61, 
type_1_num: 280; type_2_num: 258
62, 48, 34, 20, 19, 18, 17, 
17, 18, 19, 20, 34, 48, 62, 
17, 18, 19, 20, 34, 48, 62, 
type_1_num: 280; type_2_num: 259
63, 64, 50, 
50, 64, 63, 
50, 49, 63, 
type_1_num: 280; type_2_num: 260
64, 65, 79, 
79, 78, 64, 
79, 78, 64, 
type_1_num: 280; type_2_num: 261
65, 79, 80, 81, 82, 96, 110, 
110, 109, 108, 107, 93, 79, 65, 
110, 96, 95, 94, 93, 79, 65, 
type_1_num: 280; type_2_num: 262
66, 65, 51, 37, 23, 
23, 24, 38, 52, 66, 
23, 24, 38, 52, 66, 
type_1_num: 280; type_2_num: 263
67, 53, 39, 38, 37, 23, 
23, 24, 25, 39, 53, 67, 
23, 24, 25, 39, 53, 67, 
type_1_num: 280; type_2_num: 264
68, 69, 83, 97, 111, 
111, 110, 96, 82, 68, 
111, 110, 96, 82, 68, 
type_1_num: 280; type_2_num: 265
69, 55, 54, 53, 
53, 54, 55, 69, 
53, 54, 55, 69, 
type_1_num: 280; type_2_num: 266
70, 71, 57, 
57, 71, 70, 
57, 56, 70, 
type_1_num: 280; type_2_num: 267
71, 72, 73, 87, 88, 102, 
102, 88, 87, 73, 72, 71, 
102, 101, 100, 99, 85, 71, 
type_1_num: 280; type_2_num: 268
72, 73, 59, 45, 
45, 44, 58, 72, 
45, 44, 58, 72, 
type_1_num: 280; type_2_num: 269
73, 74, 60, 46, 
46, 60, 59, 73, 
46, 60, 59, 73, 
type_1_num: 280; type_2_num: 270
74, 75, 61, 47, 48, 
48, 62, 61, 75, 74, 
48, 47, 61, 75, 74, 
type_1_num: 280; type_2_num: 271
75, 74, 60, 46, 
46, 60, 61, 75, 
46, 47, 61, 75, 
type_1_num: 280; type_2_num: 272
76, 77, 63, 64, 50, 36, 37, 
37, 36, 35, 49, 63, 62, 76, 
37, 36, 35, 49, 63, 77, 76, 
type_1_num: 280; type_2_num: 273
77, 76, 62, 61, 
61, 62, 76, 77, 
61, 62, 76, 77, 
type_1_num: 280; type_2_num: 274
78, 64, 50, 36, 37, 
37, 36, 50, 64, 78, 
37, 36, 50, 64, 78, 
type_1_num: 280; type_2_num: 275
79, 93, 94, 95, 109, 
109, 108, 94, 93, 79, 
109, 108, 107, 93, 79, 
type_1_num: 280; type_2_num: 276
80, 66, 52, 53, 
53, 52, 66, 80, 
53, 52, 66, 80, 
type_1_num: 280; type_2_num: 277
81, 80, 79, 78, 64, 50, 
50, 51, 52, 53, 67, 81, 
50, 51, 52, 53, 67, 81, 
type_1_num: 280; type_2_num: 278
82, 83, 97, 
97, 96, 82, 
97, 83, 82, 
type_1_num: 280; type_2_num: 279
83, 69, 68, 54, 
54, 68, 69, 83, 
54, 55, 69, 83, 
type_1_num: 280; type_2_num: 280
84, 98, 99, 100, 114, 
114, 113, 99, 85, 84, 
type_1_num: 281; type_2_num: 280
85, 71, 57, 58, 59, 
59, 58, 57, 71, 85, 
type_1_num: 282; type_2_num: 280
86, 87, 88, 74, 60, 46, 
46, 45, 44, 58, 72, 86, 
type_1_num: 283; type_2_num: 280
87, 88, 102, 116, 130, 
130, 116, 115, 101, 87, 
type_1_num: 284; type_2_num: 280
88, 89, 75, 61, 47, 
47, 61, 75, 74, 88, 
type_1_num: 285; type_2_num: 280
89, 90, 104, 105, 106, 120, 134, 
134, 133, 132, 131, 117, 103, 89, 
type_1_num: 286; type_2_num: 280
90, 76, 77, 78, 
78, 77, 76, 90, 
type_1_num: 287; type_2_num: 280
91, 90, 76, 
76, 77, 91, 
type_1_num: 288; type_2_num: 280
92, 91, 90, 89, 103, 117, 
117, 103, 104, 90, 91, 92, 
type_1_num: 289; type_2_num: 280
93, 94, 95, 109, 
109, 95, 94, 93, 
type_1_num: 290; type_2_num: 280
94, 93, 79, 
79, 80, 94, 
type_1_num: 291; type_2_num: 280
95, 81, 67, 53, 52, 
52, 53, 67, 81, 95, 
type_1_num: 292; type_2_num: 280
96, 95, 94, 108, 122, 136, 
136, 137, 138, 124, 110, 96, 
type_1_num: 293; type_2_num: 280
97, 96, 95, 109, 123, 122, 
122, 123, 124, 125, 111, 97, 
type_1_num: 294; type_2_num: 280
98, 99, 100, 101, 115, 
115, 114, 100, 99, 98, 
type_1_num: 295; type_2_num: 280
99, 98, 84, 70, 56, 
56, 70, 84, 98, 99, 
type_1_num: 296; type_2_num: 280
100, 99, 113, 
113, 99, 100, 
type_1_num: 297; type_2_num: 280
101, 102, 103, 104, 118, 132, 146, 
146, 132, 118, 117, 103, 102, 101, 
type_1_num: 298; type_2_num: 280
102, 101, 100, 99, 85, 71, 
71, 85, 86, 87, 88, 102, 
type_1_num: 299; type_2_num: 280
103, 104, 90, 76, 62, 
62, 76, 90, 89, 103, 
type_1_num: 300; type_2_num: 280
104, 105, 106, 92, 
92, 106, 105, 104, 
type_1_num: 301; type_2_num: 280
105, 106, 107, 108, 122, 
122, 121, 120, 119, 105, 
type_1_num: 302; type_2_num: 280
106, 92, 91, 90, 76, 
76, 77, 78, 92, 106, 
type_1_num: 303; type_2_num: 280
107, 108, 109, 95, 96, 
96, 95, 94, 93, 107, 
type_1_num: 304; type_2_num: 280
108, 94, 93, 92, 78, 64, 
64, 78, 79, 93, 107, 108, 
type_1_num: 305; type_2_num: 280
109, 108, 107, 106, 120, 
120, 121, 122, 123, 109, 
type_1_num: 306; type_2_num: 280
110, 109, 95, 94, 93, 79, 
79, 93, 94, 95, 96, 110, 
type_1_num: 307; type_2_num: 280
111, 110, 124, 
124, 125, 111, 
type_1_num: 308; type_2_num: 280
112, 126, 140, 141, 155, 
155, 154, 140, 126, 112, 
type_1_num: 309; type_2_num: 280
113, 112, 98, 
98, 99, 113, 
type_1_num: 310; type_2_num: 280
114, 128, 142, 143, 144, 145, 159, 
159, 158, 157, 156, 142, 128, 114, 
type_1_num: 311; type_2_num: 280
116, 130, 144, 143, 142, 141, 155, 
155, 141, 127, 128, 114, 115, 116, 
type_1_num: 312; type_2_num: 280
117, 116, 102, 101, 
101, 102, 103, 117, 
type_1_num: 313; type_2_num: 280
118, 132, 146, 145, 144, 143, 157, 
157, 158, 159, 160, 146, 132, 118, 
type_1_num: 314; type_2_num: 280
119, 118, 117, 116, 102, 88, 74, 
74, 88, 89, 90, 104, 105, 119, 
type_1_num: 315; type_2_num: 280
120, 106, 92, 78, 77, 76, 
76, 77, 91, 105, 106, 120, 
type_1_num: 316; type_2_num: 280
121, 122, 123, 124, 138, 152, 
152, 151, 150, 149, 135, 121, 
type_1_num: 317; type_2_num: 280
123, 122, 121, 120, 134, 
134, 135, 121, 122, 123, 
type_1_num: 318; type_2_num: 280
124, 138, 139, 153, 
153, 139, 138, 124, 
type_1_num: 319; type_2_num: 280
125, 111, 97, 83, 82, 81, 
81, 95, 109, 110, 111, 125, 
type_1_num: 320; type_2_num: 280
126, 112, 98, 99, 100, 101, 87, 
87, 86, 85, 84, 98, 112, 126, 
87, 101, 100, 99, 113, 127, 126, 
type_1_num: 320; type_2_num: 281
127, 141, 155, 156, 157, 
157, 156, 155, 141, 127, 
157, 156, 155, 141, 127, 
type_1_num: 320; type_2_num: 282
128, 142, 143, 144, 145, 159, 
159, 158, 157, 156, 142, 128, 
159, 145, 144, 143, 142, 128, 
type_1_num: 320; type_2_num: 283
130, 129, 128, 114, 
114, 115, 116, 130, 
114, 115, 116, 130, 
type_1_num: 320; type_2_num: 284
131, 130, 129, 115, 
115, 116, 117, 131, 
115, 116, 117, 131, 
type_1_num: 320; type_2_num: 285
132, 133, 119, 120, 121, 
121, 120, 119, 118, 132, 
121, 120, 119, 133, 132, 
type_1_num: 320; type_2_num: 286
133, 147, 161, 162, 163, 
163, 162, 148, 147, 133, 
163, 162, 148, 147, 133, 
type_1_num: 320; type_2_num: 287
134, 135, 149, 163, 
163, 162, 148, 134, 
163, 162, 148, 134, 
type_1_num: 320; type_2_num: 288
135, 134, 148, 147, 146, 
146, 147, 148, 149, 135, 
146, 147, 148, 149, 135, 
type_1_num: 320; type_2_num: 289
137, 151, 150, 149, 163, 162, 
162, 163, 164, 165, 151, 137, 
162, 163, 164, 165, 151, 137, 
type_1_num: 320; type_2_num: 290
138, 124, 123, 109, 108, 
108, 122, 123, 124, 138, 
108, 109, 110, 124, 138, 
type_1_num: 320; type_2_num: 291
139, 138, 124, 110, 109, 
109, 123, 124, 125, 139, 
109, 110, 111, 125, 139, 
type_1_num: 320; type_2_num: 292
140, 126, 112, 113, 
113, 112, 126, 140, 
113, 112, 126, 140, 
type_1_num: 320; type_2_num: 293
141, 140, 126, 112, 98, 
98, 112, 126, 127, 141, 
98, 99, 113, 127, 141, 
type_1_num: 320; type_2_num: 294
142, 141, 140, 126, 112, 98, 
98, 112, 113, 127, 141, 142, 
98, 112, 126, 140, 141, 142, 
type_1_num: 320; type_2_num: 295
143, 142, 141, 127, 113, 99, 
99, 113, 127, 128, 129, 143, 
99, 100, 114, 128, 142, 143, 
type_1_num: 320; type_2_num: 296
144, 130, 131, 132, 
132, 131, 145, 144, 
132, 131, 145, 144, 
type_1_num: 320; type_2_num: 297
145, 131, 117, 103, 102, 
102, 103, 117, 131, 145, 
102, 103, 117, 131, 145, 
type_1_num: 320; type_2_num: 298
146, 132, 118, 119, 
119, 133, 132, 146, 
119, 118, 132, 146, 
type_1_num: 320; type_2_num: 299
147, 148, 149, 135, 121, 
121, 135, 149, 148, 147, 
121, 120, 119, 133, 147, 
type_1_num: 320; type_2_num: 300
148, 149, 150, 151, 137, 123, 109, 
109, 108, 107, 106, 120, 134, 148, 
109, 108, 107, 106, 120, 134, 148, 
type_1_num: 320; type_2_num: 301
149, 150, 164, 
164, 163, 149, 
164, 150, 149, 
type_1_num: 320; type_2_num: 302
150, 151, 152, 153, 139, 125, 111, 
111, 125, 124, 138, 152, 151, 150, 
111, 110, 124, 138, 137, 136, 150, 
type_1_num: 320; type_2_num: 303
151, 152, 138, 124, 
124, 138, 152, 151, 
124, 138, 152, 151, 
type_1_num: 320; type_2_num: 304
152, 153, 139, 125, 111, 
111, 125, 139, 153, 152, 
111, 125, 139, 138, 152, 
type_1_num: 320; type_2_num: 305
153, 152, 138, 124, 
124, 138, 139, 153, 
124, 125, 139, 153, 
type_1_num: 320; type_2_num: 306
154, 155, 141, 
141, 140, 154, 
141, 140, 154, 
type_1_num: 320; type_2_num: 307
155, 156, 157, 143, 129, 
129, 128, 142, 141, 155, 
129, 128, 127, 141, 155, 
type_1_num: 320; type_2_num: 308
156, 157, 158, 144, 130, 
130, 129, 128, 142, 156, 
130, 129, 128, 142, 156, 
type_1_num: 320; type_2_num: 309
157, 156, 155, 154, 140, 126, 
126, 140, 154, 155, 156, 157, 
126, 140, 154, 155, 156, 157, 
type_1_num: 320; type_2_num: 310
158, 144, 145, 131, 117, 
117, 131, 145, 159, 158, 
117, 131, 145, 144, 158, 
type_1_num: 320; type_2_num: 311
159, 160, 161, 147, 133, 134, 
134, 133, 132, 146, 145, 159, 
134, 133, 132, 146, 145, 159, 
type_1_num: 320; type_2_num: 312
160, 146, 132, 131, 
131, 145, 146, 160, 
131, 132, 146, 160, 
type_1_num: 320; type_2_num: 313
161, 162, 163, 164, 150, 
150, 164, 163, 162, 161, 
150, 164, 163, 162, 161, 
type_1_num: 320; type_2_num: 314
162, 161, 160, 146, 
146, 160, 161, 162, 
146, 147, 161, 162, 
type_1_num: 320; type_2_num: 315
163, 162, 161, 147, 
147, 148, 149, 163, 
147, 148, 162, 163, 
type_1_num: 320; type_2_num: 316
164, 163, 162, 148, 134, 120, 
120, 121, 122, 136, 150, 164, 
120, 121, 122, 136, 150, 164, 
type_1_num: 320; type_2_num: 317
165, 166, 152, 138, 124, 
124, 138, 152, 151, 165, 
124, 123, 137, 151, 165, 
type_1_num: 320; type_2_num: 318
166, 152, 151, 150, 136, 
136, 137, 138, 152, 166, 
136, 137, 138, 152, 166, 
type_1_num: 320; type_2_num: 319
167, 153, 152, 151, 
151, 165, 166, 167, 
151, 165, 166, 167, 
type_1_num: 320; type_2_num: 320
0, 1, 2, 3, 17, 31, 
31, 30, 29, 28, 14, 0, 
type_1_num: 321; type_2_num: 320
1, 2, 3, 17, 31, 
31, 30, 29, 15, 1, 
type_1_num: 322; type_2_num: 320
2, 3, 17, 31, 
31, 30, 16, 2, 
type_1_num: 323; type_2_num: 320
3, 17, 31, 
31, 17, 3, 
type_1_num: 324; type_2_num: 320
4, 3, 17, 31, 
31, 32, 18, 4, 
type_1_num: 325; type_2_num: 320
5, 4, 3, 17, 31, 
31, 32, 33, 19, 5, 
type_1_num: 326; type_2_num: 320
6, 5, 4, 3, 17, 31, 
31, 32, 33, 34, 20, 6, 
type_1_num: 327; type_2_num: 320
7, 8, 9, 10, 24, 38, 
38, 37, 23, 22, 21, 7, 
type_1_num: 328; type_2_num: 320
8, 9, 10, 24, 38, 
38, 24, 10, 9, 8, 
type_1_num: 329; type_2_num: 320
9, 10, 24, 38, 
38, 37, 23, 9, 
type_1_num: 330; type_2_num: 320
10, 24, 38, 
38, 24, 10, 
type_1_num: 331; type_2_num: 320
11, 25, 39, 38, 
38, 24, 25, 11, 
type_1_num: 332; type_2_num: 320
12, 11, 25, 39, 38, 
38, 39, 40, 26, 12, 
type_1_num: 333; type_2_num: 320
13, 12, 11, 25, 39, 38, 
38, 39, 40, 41, 27, 13, 
type_1_num: 334; type_2_num: 320
14, 15, 16, 17, 31, 
31, 30, 29, 28, 14, 
type_1_num: 335; type_2_num: 320
15, 16, 17, 31, 
31, 30, 29, 15, 
type_1_num: 336; type_2_num: 320
16, 17, 31, 
31, 30, 16, 
type_1_num: 337; type_2_num: 320
17, 31, 
31, 17, 
type_1_num: 338; type_2_num: 320
18, 17, 31, 
31, 32, 18, 
type_1_num: 339; type_2_num: 320
19, 18, 17, 31, 
31, 32, 33, 19, 
type_1_num: 340; type_2_num: 320
20, 19, 18, 17, 31, 
31, 32, 33, 34, 20, 
type_1_num: 341; type_2_num: 320
21, 22, 23, 24, 38, 
38, 37, 36, 35, 21, 
type_1_num: 342; type_2_num: 320
22, 23, 37, 38, 
38, 37, 36, 22, 
type_1_num: 343; type_2_num: 320
23, 24, 38, 
38, 37, 23, 
type_1_num: 344; type_2_num: 320
24, 38, 
38, 24, 
type_1_num: 345; type_2_num: 320
25, 24, 38, 
38, 39, 25, 
type_1_num: 346; type_2_num: 320
26, 25, 24, 38, 
38, 39, 40, 26, 
type_1_num: 347; type_2_num: 320
27, 26, 25, 24, 38, 
38, 39, 40, 41, 27, 
type_1_num: 348; type_2_num: 320
28, 29, 30, 31, 
31, 30, 29, 28, 
type_1_num: 349; type_2_num: 320
29, 30, 31, 
31, 30, 29, 
type_1_num: 350; type_2_num: 320
30, 31, 
31, 30, 
type_1_num: 351; type_2_num: 320
32, 31, 
31, 32, 
type_1_num: 352; type_2_num: 320
33, 32, 31, 
31, 32, 33, 
type_1_num: 353; type_2_num: 320
34, 33, 32, 31, 
31, 32, 33, 34, 
type_1_num: 354; type_2_num: 320
35, 36, 37, 38, 
38, 37, 36, 35, 
type_1_num: 355; type_2_num: 320
36, 37, 38, 
38, 37, 36, 
type_1_num: 356; type_2_num: 320
37, 38, 
38, 37, 
type_1_num: 357; type_2_num: 320
39, 38, 
38, 39, 
type_1_num: 358; type_2_num: 320
40, 39, 38, 
38, 39, 40, 
type_1_num: 359; type_2_num: 320
41, 40, 39, 38, 
38, 39, 40, 41, 
type_1_num: 360; type_2_num: 320
42, 43, 44, 45, 
45, 44, 43, 42, 
45, 44, 43, 42, 
type_1_num: 360; type_2_num: 321
43, 44, 45, 
45, 44, 43, 
45, 44, 43, 
type_1_num: 360; type_2_num: 322
44, 45, 
45, 44, 
45, 44, 
type_1_num: 360; type_2_num: 323
46, 45, 
45, 46, 
45, 46, 
type_1_num: 360; type_2_num: 324
47, 46, 45, 
45, 46, 47, 
45, 46, 47, 
type_1_num: 360; type_2_num: 325
48, 47, 46, 45, 
45, 46, 47, 48, 
45, 46, 47, 48, 
type_1_num: 360; type_2_num: 326
49, 50, 51, 52, 
52, 51, 50, 49, 
52, 51, 50, 49, 
type_1_num: 360; type_2_num: 327
50, 51, 52, 
52, 51, 50, 
52, 51, 50, 
type_1_num: 360; type_2_num: 328
51, 52, 
52, 51, 
52, 51, 
type_1_num: 360; type_2_num: 329
53, 52, 
52, 53, 
52, 53, 
type_1_num: 360; type_2_num: 330
54, 53, 52, 
52, 53, 54, 
52, 53, 54, 
type_1_num: 360; type_2_num: 331
55, 54, 53, 52, 
52, 53, 54, 55, 
52, 53, 54, 55, 
type_1_num: 360; type_2_num: 332
56, 57, 58, 59, 45, 
45, 44, 43, 42, 56, 
45, 44, 43, 42, 56, 
type_1_num: 360; type_2_num: 333
57, 58, 59, 45, 
45, 44, 43, 57, 
45, 44, 43, 57, 
type_1_num: 360; type_2_num: 334
58, 59, 45, 
45, 44, 58, 
45, 44, 58, 
type_1_num: 360; type_2_num: 335
59, 45, 
45, 59, 
45, 59, 
type_1_num: 360; type_2_num: 336
60, 59, 45, 
45, 46, 60, 
45, 46, 60, 
type_1_num: 360; type_2_num: 337
61, 60, 46, 45, 
45, 46, 47, 61, 
45, 46, 47, 61, 
type_1_num: 360; type_2_num: 338
62, 61, 60, 59, 45, 
45, 46, 47, 48, 62, 
45, 46, 47, 48, 62, 
type_1_num: 360; type_2_num: 339
63, 64, 65, 66, 52, 
52, 51, 50, 49, 63, 
52, 51, 50, 49, 63, 
type_1_num: 360; type_2_num: 340
64, 65, 66, 52, 
52, 51, 50, 64, 
52, 51, 50, 64, 
type_1_num: 360; type_2_num: 341
65, 66, 52, 
52, 51, 65, 
52, 51, 65, 
type_1_num: 360; type_2_num: 342
66, 52, 
52, 66, 
52, 66, 
type_1_num: 360; type_2_num: 343
67, 66, 52, 
52, 53, 67, 
52, 53, 67, 
type_1_num: 360; type_2_num: 344
68, 67, 53, 52, 
52, 53, 54, 68, 
52, 53, 54, 68, 
type_1_num: 360; type_2_num: 345
69, 68, 67, 66, 52, 
52, 53, 54, 55, 69, 
52, 53, 54, 55, 69, 
type_1_num: 360; type_2_num: 346
70, 71, 72, 73, 59, 45, 
45, 44, 43, 42, 56, 70, 
45, 44, 43, 42, 56, 70, 
type_1_num: 360; type_2_num: 347
71, 72, 73, 59, 45, 
45, 44, 43, 57, 71, 
45, 44, 43, 57, 71, 
type_1_num: 360; type_2_num: 348
72, 73, 59, 45, 
45, 44, 58, 72, 
45, 44, 58, 72, 
type_1_num: 360; type_2_num: 349
73, 59, 45, 
45, 59, 73, 
45, 59, 73, 
type_1_num: 360; type_2_num: 350
74, 73, 59, 45, 
75, 74, 73, 59, 45, 
45, 59, 60, 61, 75, 
76, 75, 74, 73, 59, 45, 
45, 59, 60, 61, 75, 76, 
77, 78, 79, 80, 66, 52, 
52, 51, 50, 49, 63, 77, 
52, 51, 50, 49, 63, 77, 
type_1_num: 360; type_2_num: 351
78, 79, 80, 66, 52, 
52, 51, 50, 64, 78, 
52, 51, 50, 64, 78, 
type_1_num: 360; type_2_num: 352
79, 80, 66, 52, 
52, 51, 65, 79, 
80, 66, 52, 
52, 66, 80, 
52, 66, 80, 
type_1_num: 360; type_2_num: 353
81, 80, 66, 52, 
52, 53, 67, 81, 
52, 66, 67, 81, 
type_1_num: 360; type_2_num: 354
82, 81, 67, 53, 52, 
83, 82, 81, 67, 53, 52, 
84, 98, 99, 113, 114, 115, 
115, 114, 113, 112, 98, 84, 
type_1_num: 361; type_2_num: 354
85, 86, 87, 101, 115, 
115, 114, 113, 99, 85, 
type_1_num: 362; type_2_num: 354
86, 87, 101, 115, 
115, 114, 100, 86, 
type_1_num: 363; type_2_num: 354
87, 101, 115, 
115, 101, 87, 
type_1_num: 364; type_2_num: 354
88, 87, 101, 115, 
115, 116, 102, 88, 
type_1_num: 365; type_2_num: 354
89, 88, 87, 101, 115, 
115, 116, 117, 103, 89, 
type_1_num: 366; type_2_num: 354
90, 89, 88, 87, 101, 115, 
115, 116, 117, 118, 104, 90, 
type_1_num: 367; type_2_num: 354
91, 92, 93, 94, 108, 122, 
122, 121, 107, 106, 105, 91, 
type_1_num: 368; type_2_num: 354
92, 106, 107, 121, 122, 
122, 121, 120, 106, 92, 
type_1_num: 369; type_2_num: 354
93, 94, 108, 122, 
122, 121, 107, 93, 
type_1_num: 370; type_2_num: 354
94, 108, 122, 
122, 108, 94, 
type_1_num: 371; type_2_num: 354
95, 94, 108, 122, 
122, 123, 109, 95, 
type_1_num: 372; type_2_num: 354
96, 95, 94, 108, 122, 
122, 123, 124, 110, 96, 
type_1_num: 373; type_2_num: 354
97, 96, 95, 109, 123, 122, 
122, 123, 124, 125, 111, 97, 
type_1_num: 374; type_2_num: 354
98, 99, 100, 101, 115, 
115, 114, 113, 112, 98, 
type_1_num: 375; type_2_num: 354
99, 100, 101, 115, 
115, 114, 113, 99, 
type_1_num: 376; type_2_num: 354
100, 101, 115, 
115, 114, 100, 
type_1_num: 377; type_2_num: 354
101, 115, 
115, 101, 
type_1_num: 378; type_2_num: 354
102, 101, 115, 
115, 116, 102, 
type_1_num: 379; type_2_num: 354
103, 102, 101, 115, 
115, 116, 117, 103, 
type_1_num: 380; type_2_num: 354
104, 103, 102, 101, 115, 
115, 116, 117, 118, 104, 
type_1_num: 381; type_2_num: 354
105, 106, 107, 108, 122, 
122, 121, 120, 119, 105, 
type_1_num: 382; type_2_num: 354
106, 107, 108, 122, 
122, 121, 120, 106, 
type_1_num: 383; type_2_num: 354
107, 108, 122, 
122, 121, 107, 
type_1_num: 384; type_2_num: 354
108, 122, 
122, 108, 
type_1_num: 385; type_2_num: 354
109, 108, 122, 
122, 123, 109, 
type_1_num: 386; type_2_num: 354
110, 109, 108, 122, 
122, 123, 124, 110, 
type_1_num: 387; type_2_num: 354
111, 110, 109, 108, 122, 
122, 123, 124, 125, 111, 
type_1_num: 388; type_2_num: 354
112, 113, 114, 115, 
115, 114, 113, 112, 
type_1_num: 389; type_2_num: 354
113, 114, 115, 
115, 114, 113, 
type_1_num: 390; type_2_num: 354
114, 115, 
115, 114, 
type_1_num: 391; type_2_num: 354
116, 115, 
115, 116, 
type_1_num: 392; type_2_num: 354
117, 116, 115, 
115, 116, 117, 
type_1_num: 393; type_2_num: 354
118, 117, 116, 115, 
115, 116, 117, 118, 
type_1_num: 394; type_2_num: 354
119, 120, 121, 122, 
122, 121, 120, 119, 
type_1_num: 395; type_2_num: 354
120, 121, 122, 
122, 121, 120, 
type_1_num: 396; type_2_num: 354
121, 122, 
122, 121, 
type_1_num: 397; type_2_num: 354
123, 122, 
122, 123, 
type_1_num: 398; type_2_num: 354
124, 123, 122, 
122, 123, 124, 
type_1_num: 399; type_2_num: 354
125, 124, 123, 122, 
122, 123, 124, 125, 
type_1_num: 400; type_2_num: 354
126, 127, 128, 129, 
129, 128, 127, 126, 
129, 128, 127, 126, 
type_1_num: 400; type_2_num: 355
127, 128, 129, 
129, 128, 127, 
129, 128, 127, 
type_1_num: 400; type_2_num: 356
128, 129, 
129, 128, 
129, 128, 
type_1_num: 400; type_2_num: 357
130, 129, 
129, 130, 
129, 130, 
type_1_num: 400; type_2_num: 358
131, 130, 129, 
129, 130, 131, 
129, 130, 131, 
type_1_num: 400; type_2_num: 359
132, 131, 130, 129, 
129, 130, 131, 132, 
129, 130, 131, 132, 
type_1_num: 400; type_2_num: 360
133, 134, 135, 136, 
136, 135, 134, 133, 
136, 135, 134, 133, 
type_1_num: 400; type_2_num: 361
134, 135, 136, 
136, 135, 134, 
136, 135, 134, 
type_1_num: 400; type_2_num: 362
135, 136, 
136, 135, 
136, 135, 
type_1_num: 400; type_2_num: 363
137, 136, 
136, 137, 
136, 137, 
type_1_num: 400; type_2_num: 364
138, 137, 136, 
136, 137, 138, 
136, 137, 138, 
type_1_num: 400; type_2_num: 365
139, 138, 137, 136, 
136, 137, 138, 139, 
136, 137, 138, 139, 
type_1_num: 400; type_2_num: 366
140, 141, 142, 143, 129, 
129, 128, 127, 126, 140, 
129, 128, 127, 126, 140, 
type_1_num: 400; type_2_num: 367
141, 142, 143, 129, 
129, 128, 127, 141, 
129, 128, 127, 141, 
type_1_num: 400; type_2_num: 368
142, 143, 129, 
129, 128, 142, 
129, 128, 142, 
type_1_num: 400; type_2_num: 369
143, 129, 
129, 143, 
129, 143, 
type_1_num: 400; type_2_num: 370
144, 143, 129, 
129, 130, 144, 
129, 130, 144, 
type_1_num: 400; type_2_num: 371
145, 144, 130, 129, 
129, 130, 131, 145, 
129, 130, 131, 145, 
type_1_num: 400; type_2_num: 372
146, 145, 144, 143, 129, 
129, 130, 131, 132, 146, 
129, 130, 131, 132, 146, 
type_1_num: 400; type_2_num: 373
147, 148, 149, 150, 136, 
136, 135, 134, 133, 147, 
136, 135, 134, 133, 147, 
type_1_num: 400; type_2_num: 374
148, 149, 150, 136, 
136, 135, 134, 148, 
136, 135, 134, 148, 
type_1_num: 400; type_2_num: 375
149, 150, 136, 
136, 135, 149, 
136, 135, 149, 
type_1_num: 400; type_2_num: 376
150, 136, 
136, 150, 
136, 150, 
type_1_num: 400; type_2_num: 377
151, 150, 136, 
136, 137, 151, 
136, 137, 151, 
type_1_num: 400; type_2_num: 378
152, 151, 137, 136, 
136, 137, 138, 152, 
136, 137, 138, 152, 
type_1_num: 400; type_2_num: 379
153, 152, 151, 150, 136, 
136, 137, 138, 139, 153, 
136, 137, 138, 139, 153, 
type_1_num: 400; type_2_num: 380
154, 155, 156, 157, 143, 129, 
129, 128, 127, 126, 140, 154, 
129, 128, 127, 126, 140, 154, 
type_1_num: 400; type_2_num: 381
155, 156, 157, 143, 129, 
129, 128, 127, 141, 155, 
129, 128, 127, 141, 155, 
type_1_num: 400; type_2_num: 382
156, 157, 143, 129, 
129, 128, 142, 156, 
129, 128, 142, 156, 
type_1_num: 400; type_2_num: 383
157, 143, 129, 
158, 157, 143, 129, 
159, 158, 157, 143, 129, 
160, 159, 158, 157, 143, 129, 
161, 162, 163, 164, 150, 136, 
136, 135, 134, 133, 147, 161, 
136, 135, 134, 133, 147, 161, 
type_1_num: 400; type_2_num: 384
162, 163, 164, 150, 136, 
136, 135, 134, 148, 162, 
136, 135, 134, 148, 162, 
type_1_num: 400; type_2_num: 385
163, 164, 150, 136, 
136, 135, 149, 163, 
136, 135, 149, 163, 
type_1_num: 400; type_2_num: 386
164, 150, 136, 
136, 150, 164, 
136, 150, 164, 
type_1_num: 400; type_2_num: 387
165, 164, 150, 136, 
166, 165, 164, 150, 136, 
167, 166, 165, 164, 150, 136, 
0, 1, 2, 16, 30, 
30, 16, 15, 14, 0, 
type_1_num: 401; type_2_num: 387
1, 2, 3, 17, 31, 
31, 30, 29, 15, 1, 
type_1_num: 402; type_2_num: 387
2, 16, 15, 14, 28, 42, 
42, 43, 29, 15, 16, 2, 
type_1_num: 403; type_2_num: 387
3, 4, 5, 19, 33, 
33, 19, 18, 4, 3, 
type_1_num: 404; type_2_num: 387
4, 5, 6, 20, 
20, 19, 5, 4, 
type_1_num: 405; type_2_num: 387
5, 4, 18, 
18, 4, 5, 
type_1_num: 406; type_2_num: 387
6, 5, 19, 
19, 5, 6, 
type_1_num: 407; type_2_num: 387
7, 8, 9, 10, 24, 
24, 10, 9, 8, 7, 
type_1_num: 408; type_2_num: 387
8, 7, 6, 5, 19, 
19, 5, 6, 7, 8, 
type_1_num: 409; type_2_num: 387
9, 8, 7, 6, 20, 
20, 6, 7, 8, 9, 
type_1_num: 410; type_2_num: 387
10, 11, 12, 26, 
26, 25, 11, 10, 
type_1_num: 411; type_2_num: 387
11, 10, 9, 8, 22, 
22, 23, 9, 10, 11, 
type_1_num: 412; type_2_num: 387
12, 11, 25, 39, 53, 
53, 54, 40, 26, 12, 
type_1_num: 413; type_2_num: 387
13, 12, 26, 25, 24, 
24, 10, 11, 12, 13, 
type_1_num: 414; type_2_num: 387
14, 15, 29, 43, 44, 
44, 30, 29, 28, 14, 
type_1_num: 415; type_2_num: 387
15, 16, 30, 44, 58, 59, 
59, 58, 57, 43, 29, 15, 
type_1_num: 416; type_2_num: 387
16, 17, 18, 19, 33, 47, 
47, 33, 32, 18, 17, 16, 
type_1_num: 417; type_2_num: 387
17, 16, 15, 29, 43, 57, 
57, 43, 29, 30, 16, 17, 
type_1_num: 418; type_2_num: 387
18, 17, 16, 15, 1, 
1, 2, 3, 4, 18, 
type_1_num: 419; type_2_num: 387
19, 20, 21, 22, 36, 50, 
50, 36, 35, 34, 20, 19, 
type_1_num: 420; type_2_num: 387
20, 6, 7, 
7, 6, 20, 
type_1_num: 421; type_2_num: 387
21, 20, 19, 18, 32, 
32, 33, 34, 35, 21, 
type_1_num: 422; type_2_num: 387
22, 36, 50, 64, 63, 
63, 49, 35, 36, 22, 
type_1_num: 423; type_2_num: 387
23, 24, 25, 26, 40, 54, 68, 
68, 54, 40, 39, 25, 24, 23, 
type_1_num: 424; type_2_num: 387
24, 25, 39, 53, 
53, 39, 25, 24, 
type_1_num: 425; type_2_num: 387
25, 39, 53, 67, 66, 
66, 67, 53, 39, 25, 
type_1_num: 426; type_2_num: 387
26, 27, 41, 55, 
55, 41, 27, 26, 
type_1_num: 427; type_2_num: 387
27, 41, 55, 54, 53, 
53, 54, 55, 41, 27, 
type_1_num: 428; type_2_num: 387
28, 42, 56, 57, 71, 72, 
72, 71, 70, 56, 42, 28, 
type_1_num: 429; type_2_num: 387
29, 30, 16, 17, 18, 
18, 17, 16, 15, 29, 
type_1_num: 430; type_2_num: 387
30, 44, 58, 72, 73, 74, 75, 
75, 74, 73, 72, 58, 44, 30, 
type_1_num: 431; type_2_num: 387
32, 33, 34, 35, 49, 63, 77, 
77, 63, 49, 48, 34, 33, 32, 
type_1_num: 432; type_2_num: 387
33, 47, 61, 60, 59, 
59, 60, 61, 47, 33, 
type_1_num: 433; type_2_num: 387
34, 20, 6, 5, 
5, 6, 20, 34, 
type_1_num: 434; type_2_num: 387
35, 49, 63, 64, 78, 79, 
79, 78, 77, 63, 49, 35, 
type_1_num: 435; type_2_num: 387
36, 35, 21, 20, 19, 
19, 33, 34, 35, 36, 
type_1_num: 436; type_2_num: 387
37, 36, 22, 21, 
21, 22, 23, 37, 
type_1_num: 437; type_2_num: 387
39, 53, 67, 66, 80, 79, 
79, 80, 81, 67, 53, 39, 
type_1_num: 438; type_2_num: 387
40, 54, 68, 67, 81, 
81, 82, 68, 54, 40, 
type_1_num: 439; type_2_num: 387
41, 55, 69, 68, 82, 
82, 83, 69, 55, 41, 
type_1_num: 440; type_2_num: 387
42, 43, 57, 58, 72, 73, 
73, 72, 71, 70, 56, 42, 
73, 59, 58, 57, 56, 42, 
type_1_num: 440; type_2_num: 388
43, 44, 58, 59, 60, 74, 
74, 73, 72, 71, 57, 43, 
74, 73, 72, 71, 57, 43, 
type_1_num: 440; type_2_num: 389
44, 58, 59, 73, 87, 
87, 86, 72, 58, 44, 
87, 86, 72, 58, 44, 
type_1_num: 440; type_2_num: 390
46, 32, 18, 17, 3, 2, 1, 
1, 2, 3, 4, 18, 32, 46, 
1, 2, 3, 4, 18, 32, 46, 
type_1_num: 440; type_2_num: 391
47, 33, 19, 5, 4, 3, 
3, 4, 5, 19, 33, 47, 
3, 4, 5, 19, 33, 47, 
type_1_num: 440; type_2_num: 392
48, 47, 61, 60, 74, 
74, 75, 76, 62, 48, 
74, 75, 76, 62, 48, 
type_1_num: 440; type_2_num: 393
49, 63, 77, 78, 92, 93, 94, 
94, 93, 92, 91, 77, 63, 49, 
94, 93, 92, 91, 77, 63, 49, 
type_1_num: 440; type_2_num: 394
50, 49, 35, 34, 
34, 35, 49, 50, 
34, 48, 49, 50, 
type_1_num: 440; type_2_num: 395
51, 65, 66, 67, 68, 82, 96, 
96, 95, 94, 80, 66, 65, 51, 
96, 82, 81, 80, 79, 65, 51, 
type_1_num: 440; type_2_num: 396
53, 39, 25, 24, 23, 
23, 24, 25, 39, 53, 
23, 24, 25, 39, 53, 
type_1_num: 440; type_2_num: 397
54, 40, 39, 25, 24, 
24, 25, 26, 40, 54, 
24, 25, 26, 40, 54, 
type_1_num: 440; type_2_num: 398
55, 41, 40, 26, 12, 11, 
11, 12, 26, 40, 41, 55, 
11, 12, 13, 27, 41, 55, 
type_1_num: 440; type_2_num: 399
56, 70, 84, 85, 86, 87, 
87, 86, 85, 84, 70, 56, 
87, 86, 85, 84, 70, 56, 
type_1_num: 440; type_2_num: 400
57, 58, 59, 73, 
73, 72, 71, 57, 
73, 72, 71, 57, 
type_1_num: 440; type_2_num: 401
58, 57, 71, 85, 
85, 71, 57, 58, 
85, 71, 57, 58, 
type_1_num: 440; type_2_num: 402
59, 58, 57, 71, 85, 
85, 86, 72, 73, 59, 
85, 86, 72, 73, 59, 
type_1_num: 440; type_2_num: 403
60, 61, 75, 
75, 74, 60, 
75, 61, 60, 
type_1_num: 440; type_2_num: 404
61, 62, 63, 77, 91, 92, 106, 
106, 105, 104, 90, 76, 62, 61, 
106, 105, 104, 90, 76, 62, 61, 
type_1_num: 440; type_2_num: 405
62, 76, 90, 89, 88, 87, 101, 
101, 102, 88, 89, 90, 76, 62, 
101, 102, 103, 89, 75, 76, 62, 
type_1_num: 440; type_2_num: 406
63, 64, 65, 79, 80, 
80, 66, 65, 64, 63, 
80, 79, 78, 77, 63, 
type_1_num: 440; type_2_num: 407
64, 63, 77, 76, 90, 89, 103, 
103, 89, 90, 91, 92, 78, 64, 
103, 104, 105, 106, 92, 78, 64, 
type_1_num: 440; type_2_num: 408
65, 66, 67, 53, 39, 
39, 38, 37, 51, 65, 
39, 38, 37, 51, 65, 
type_1_num: 440; type_2_num: 409
66, 80, 94, 95, 109, 
109, 108, 94, 80, 66, 
109, 95, 94, 80, 66, 
type_1_num: 440; type_2_num: 410
67, 66, 65, 79, 
79, 80, 66, 67, 
79, 80, 81, 67, 
type_1_num: 440; type_2_num: 411
68, 82, 96, 95, 94, 108, 
108, 109, 110, 96, 82, 68, 
108, 109, 95, 81, 82, 68, 
type_1_num: 440; type_2_num: 412
69, 83, 97, 96, 110, 
110, 111, 97, 83, 69, 
110, 111, 97, 83, 69, 
type_1_num: 440; type_2_num: 413
70, 84, 85, 99, 113, 
113, 112, 98, 84, 70, 
113, 99, 98, 84, 70, 
type_1_num: 440; type_2_num: 414
71, 85, 86, 100, 114, 
114, 100, 99, 85, 71, 
114, 100, 86, 85, 71, 
type_1_num: 440; type_2_num: 415
72, 73, 74, 75, 89, 
89, 88, 87, 86, 72, 
89, 88, 87, 73, 72, 
type_1_num: 440; type_2_num: 416
73, 59, 58, 57, 43, 42, 28, 
28, 42, 56, 57, 58, 72, 73, 
28, 29, 43, 57, 58, 59, 73, 
type_1_num: 440; type_2_num: 417
74, 75, 61, 47, 
47, 46, 60, 74, 
47, 61, 60, 74, 
type_1_num: 440; type_2_num: 418
75, 74, 88, 87, 86, 100, 114, 
114, 100, 101, 102, 103, 89, 75, 
114, 100, 101, 102, 103, 89, 75, 
type_1_num: 440; type_2_num: 419
76, 75, 74, 73, 87, 
87, 88, 89, 90, 76, 
87, 73, 74, 75, 76, 
type_1_num: 440; type_2_num: 420
77, 76, 75, 61, 
61, 62, 63, 77, 
61, 62, 63, 77, 
type_1_num: 440; type_2_num: 421
78, 79, 80, 94, 108, 122, 
122, 121, 120, 106, 92, 78, 
122, 121, 120, 106, 92, 78, 
type_1_num: 440; type_2_num: 422
79, 65, 51, 37, 38, 
38, 37, 51, 65, 79, 
38, 37, 51, 65, 79, 
type_1_num: 440; type_2_num: 423
80, 79, 78, 64, 
64, 65, 79, 80, 
64, 65, 79, 80, 
type_1_num: 440; type_2_num: 424
81, 67, 66, 65, 64, 
64, 65, 79, 80, 81, 
64, 65, 66, 67, 81, 
type_1_num: 440; type_2_num: 425
82, 81, 95, 94, 93, 107, 
107, 108, 109, 95, 96, 82, 
107, 108, 109, 110, 96, 82, 
type_1_num: 440; type_2_num: 426
83, 97, 111, 110, 
110, 111, 97, 83, 
110, 111, 97, 83, 
type_1_num: 440; type_2_num: 427
84, 85, 71, 72, 
72, 86, 85, 84, 
type_1_num: 441; type_2_num: 427
85, 99, 100, 101, 102, 116, 
116, 102, 88, 87, 86, 85, 
type_1_num: 442; type_2_num: 427
86, 85, 71, 57, 43, 
43, 57, 71, 85, 86, 
type_1_num: 443; type_2_num: 427
87, 86, 85, 84, 70, 56, 
56, 57, 58, 59, 73, 87, 
type_1_num: 444; type_2_num: 427
88, 74, 73, 72, 58, 44, 
44, 58, 59, 60, 74, 88, 
type_1_num: 445; type_2_num: 427
89, 90, 76, 62, 48, 
48, 47, 61, 75, 89, 
type_1_num: 446; type_2_num: 427
90, 91, 105, 106, 107, 121, 
121, 107, 106, 105, 104, 90, 
type_1_num: 447; type_2_num: 427
91, 92, 93, 94, 108, 122, 
122, 121, 120, 119, 105, 91, 
type_1_num: 448; type_2_num: 427
92, 91, 77, 63, 49, 
49, 50, 64, 78, 92, 
type_1_num: 449; type_2_num: 427
93, 94, 80, 81, 
81, 95, 94, 93, 
type_1_num: 450; type_2_num: 427
94, 95, 81, 67, 
67, 66, 80, 94, 
type_1_num: 451; type_2_num: 427
95, 94, 93, 92, 106, 120, 134, 
134, 120, 121, 107, 93, 94, 95, 
type_1_num: 452; type_2_num: 427
96, 95, 94, 108, 122, 
122, 123, 124, 110, 96, 
type_1_num: 453; type_2_num: 427
97, 96, 82, 68, 67, 53, 
53, 54, 55, 69, 83, 97, 
type_1_num: 454; type_2_num: 427
98, 99, 100, 101, 115, 
115, 114, 113, 112, 98, 
type_1_num: 455; type_2_num: 427
99, 100, 101, 102, 116, 130, 
130, 116, 102, 101, 100, 99, 
type_1_num: 456; type_2_num: 427
100, 114, 128, 142, 143, 144, 
144, 143, 142, 128, 114, 100, 
type_1_num: 457; type_2_num: 427
101, 100, 114, 113, 112, 126, 140, 
140, 141, 142, 128, 114, 100, 101, 
type_1_num: 458; type_2_num: 427
102, 88, 87, 86, 72, 
72, 73, 74, 88, 102, 
type_1_num: 459; type_2_num: 427
103, 102, 101, 115, 129, 
104, 103, 102, 116, 130, 
130, 131, 132, 118, 104, 
type_1_num: 460; type_2_num: 427
105, 104, 90, 
90, 91, 105, 
type_1_num: 461; type_2_num: 427
106, 105, 104, 118, 117, 
117, 118, 119, 105, 106, 
type_1_num: 462; type_2_num: 427
107, 106, 120, 134, 
134, 120, 106, 107, 
type_1_num: 463; type_2_num: 427
108, 107, 121, 135, 
135, 121, 107, 108, 
type_1_num: 464; type_2_num: 427
109, 110, 124, 138, 
138, 124, 123, 109, 
type_1_num: 465; type_2_num: 427
110, 111, 125, 139, 
139, 125, 124, 110, 
type_1_num: 466; type_2_num: 427
111, 110, 109, 108, 122, 136, 
112, 98, 84, 70, 71, 72, 
72, 86, 100, 99, 98, 112, 
type_1_num: 467; type_2_num: 427
113, 114, 100, 101, 102, 
102, 101, 100, 99, 113, 
type_1_num: 468; type_2_num: 427
114, 128, 142, 143, 144, 145, 159, 
159, 158, 157, 156, 142, 128, 114, 
type_1_num: 469; type_2_num: 427
116, 117, 118, 119, 133, 
133, 132, 131, 117, 116, 
type_1_num: 470; type_2_num: 427
117, 118, 104, 90, 91, 92, 
92, 106, 105, 104, 103, 117, 
type_1_num: 471; type_2_num: 427
118, 119, 105, 
105, 104, 118, 
type_1_num: 472; type_2_num: 427
119, 118, 117, 116, 130, 
130, 131, 132, 133, 119, 
type_1_num: 473; type_2_num: 427
120, 119, 105, 91, 77, 
77, 91, 92, 106, 120, 
type_1_num: 474; type_2_num: 427
121, 107, 93, 94, 80, 
80, 79, 93, 107, 121, 
type_1_num: 475; type_2_num: 427
123, 109, 95, 94, 93, 79, 
79, 93, 94, 95, 109, 123, 
type_1_num: 476; type_2_num: 427
124, 123, 109, 108, 107, 
107, 108, 109, 110, 124, 
type_1_num: 477; type_2_num: 427
125, 139, 153, 167, 166, 
166, 167, 153, 139, 125, 
type_1_num: 478; type_2_num: 427
126, 140, 141, 142, 143, 
143, 142, 141, 140, 126, 
143, 142, 141, 140, 126, 
type_1_num: 478; type_2_num: 428
127, 141, 155, 156, 157, 158, 
158, 157, 156, 155, 141, 127, 
158, 157, 156, 155, 141, 127, 
type_1_num: 478; type_2_num: 429
128, 142, 143, 144, 
144, 143, 142, 128, 
144, 143, 142, 128, 
type_1_num: 478; type_2_num: 430
130, 131, 132, 146, 
146, 145, 131, 130, 
146, 145, 131, 130, 
type_1_num: 478; type_2_num: 431
131, 145, 146, 147, 148, 
148, 147, 146, 145, 131, 
148, 147, 146, 145, 131, 
type_1_num: 478; type_2_num: 432
132, 133, 147, 148, 
148, 134, 133, 132, 
148, 147, 146, 132, 
type_1_num: 478; type_2_num: 433
133, 132, 146, 145, 144, 
144, 145, 146, 147, 133, 
144, 145, 146, 147, 133, 
type_1_num: 478; type_2_num: 434
134, 135, 121, 122, 123, 
123, 122, 121, 120, 134, 
123, 122, 121, 120, 134, 
type_1_num: 478; type_2_num: 435
135, 134, 133, 132, 146, 
146, 147, 148, 149, 135, 
146, 147, 148, 149, 135, 
type_1_num: 478; type_2_num: 436
137, 151, 150, 149, 148, 
148, 149, 150, 151, 137, 
148, 149, 150, 151, 137, 
type_1_num: 478; type_2_num: 437
138, 139, 125, 111, 
111, 125, 139, 138, 
111, 125, 139, 138, 
type_1_num: 478; type_2_num: 438
139, 138, 152, 151, 
151, 152, 153, 139, 
151, 152, 153, 139, 
type_1_num: 478; type_2_num: 439
140, 141, 142, 128, 114, 115, 
115, 114, 113, 112, 126, 140, 
115, 114, 113, 112, 126, 140, 
type_1_num: 478; type_2_num: 440
141, 142, 128, 
128, 127, 141, 
128, 127, 141, 
type_1_num: 478; type_2_num: 441
142, 143, 144, 145, 131, 117, 
117, 116, 130, 144, 143, 142, 
117, 131, 130, 144, 143, 142, 
type_1_num: 478; type_2_num: 442
143, 144, 145, 131, 117, 
117, 116, 130, 144, 143, 
117, 116, 130, 144, 143, 
type_1_num: 478; type_2_num: 443
144, 158, 159, 160, 161, 
161, 160, 159, 158, 144, 
161, 160, 159, 158, 144, 
type_1_num: 478; type_2_num: 444
145, 131, 117, 116, 
116, 117, 131, 145, 
116, 130, 131, 145, 
type_1_num: 478; type_2_num: 445
146, 132, 133, 119, 
119, 133, 147, 146, 
119, 133, 132, 146, 
type_1_num: 478; type_2_num: 446
147, 133, 132, 118, 
118, 132, 133, 147, 
118, 119, 133, 147, 
type_1_num: 478; type_2_num: 447
148, 149, 150, 151, 137, 123, 109, 
109, 108, 107, 106, 120, 134, 148, 
109, 108, 107, 106, 120, 134, 148, 
type_1_num: 478; type_2_num: 448
149, 163, 162, 161, 
161, 162, 148, 149, 
161, 162, 148, 149, 
type_1_num: 478; type_2_num: 449
150, 149, 148, 147, 133, 119, 105, 
105, 119, 133, 134, 135, 149, 150, 
105, 106, 120, 134, 135, 149, 150, 
type_1_num: 478; type_2_num: 450
151, 152, 166, 167, 
167, 166, 165, 151, 
167, 166, 165, 151, 
type_1_num: 478; type_2_num: 451
152, 151, 150, 149, 135, 
135, 149, 150, 151, 152, 
135, 149, 150, 151, 152, 
type_1_num: 478; type_2_num: 452
153, 139, 125, 124, 123, 
123, 124, 125, 139, 153, 
123, 124, 138, 139, 153, 
type_1_num: 478; type_2_num: 453
154, 140, 141, 142, 128, 114, 115, 
115, 114, 113, 112, 126, 140, 154, 
155, 156, 157, 158, 144, 130, 
130, 144, 158, 157, 156, 155, 
130, 144, 143, 142, 141, 155, 
type_1_num: 478; type_2_num: 454
156, 157, 158, 159, 145, 131, 
131, 145, 159, 158, 157, 156, 
131, 145, 144, 158, 157, 156, 
type_1_num: 478; type_2_num: 455
157, 143, 144, 
144, 158, 157, 
144, 143, 157, 
type_1_num: 478; type_2_num: 456
158, 157, 156, 155, 141, 127, 113, 
113, 127, 141, 155, 156, 157, 158, 
113, 127, 141, 155, 156, 157, 158, 
type_1_num: 478; type_2_num: 457
159, 160, 161, 162, 148, 
148, 147, 146, 160, 159, 
148, 147, 161, 160, 159, 
type_1_num: 478; type_2_num: 458
160, 159, 158, 144, 
144, 145, 146, 160, 
144, 145, 146, 160, 
type_1_num: 478; type_2_num: 459
161, 160, 146, 132, 118, 
118, 119, 133, 147, 161, 
118, 132, 146, 160, 161, 
type_1_num: 478; type_2_num: 460
162, 163, 164, 150, 
150, 149, 163, 162, 
150, 164, 163, 162, 
type_1_num: 478; type_2_num: 461
163, 162, 161, 147, 133, 
133, 134, 148, 162, 163, 
133, 147, 148, 149, 163, 
type_1_num: 478; type_2_num: 462
164, 165, 166, 167, 153, 139, 125, 
125, 139, 153, 152, 166, 165, 164, 
125, 139, 153, 152, 166, 165, 164, 
type_1_num: 478; type_2_num: 463
165, 164, 150, 136, 
166, 152, 138, 139, 
139, 153, 167, 166, 
139, 153, 167, 166, 
type_1_num: 478; type_2_num: 464
167, 166, 152, 138, 124, 
124, 125, 139, 153, 167, 
124, 125, 139, 153, 167, 
type_1_num: 478; type_2_num: 465
0, 1, 15, 29, 
29, 28, 14, 0, 
type_1_num: 479; type_2_num: 465
1, 2, 3, 17, 
17, 16, 15, 1, 
type_1_num: 480; type_2_num: 465
2, 3, 17, 31, 
31, 30, 16, 2, 
type_1_num: 481; type_2_num: 465
3, 4, 5, 6, 20, 
20, 6, 5, 4, 3, 
type_1_num: 482; type_2_num: 465
4, 3, 17, 31, 45, 
45, 31, 17, 3, 4, 
type_1_num: 483; type_2_num: 465
5, 4, 18, 32, 46, 
46, 47, 33, 19, 5, 
type_1_num: 484; type_2_num: 465
6, 20, 21, 22, 23, 37, 51, 
51, 50, 49, 48, 34, 20, 6, 
type_1_num: 485; type_2_num: 465
7, 21, 35, 34, 
34, 20, 6, 7, 
type_1_num: 486; type_2_num: 465
8, 22, 36, 35, 34, 
34, 35, 36, 22, 8, 
type_1_num: 487; type_2_num: 465
9, 8, 22, 36, 50, 49, 
49, 35, 21, 7, 8, 9, 
type_1_num: 488; type_2_num: 465
10, 11, 12, 26, 27, 41, 55, 
55, 41, 27, 13, 12, 11, 10, 
type_1_num: 489; type_2_num: 465
11, 10, 9, 8, 22, 36, 50, 
50, 36, 22, 23, 9, 10, 11, 
type_1_num: 490; type_2_num: 465
12, 11, 25, 39, 53, 
53, 54, 40, 26, 12, 
type_1_num: 491; type_2_num: 465
13, 12, 11, 10, 24, 38, 
38, 24, 25, 26, 27, 13, 
type_1_num: 492; type_2_num: 465
14, 28, 42, 43, 57, 
57, 56, 42, 28, 14, 
type_1_num: 493; type_2_num: 465
15, 29, 43, 57, 58, 59, 
59, 58, 57, 43, 29, 15, 
type_1_num: 494; type_2_num: 465
16, 15, 29, 
29, 15, 16, 
type_1_num: 495; type_2_num: 465
17, 16, 30, 44, 
44, 30, 16, 17, 
type_1_num: 496; type_2_num: 465
18, 17, 16, 15, 29, 43, 57, 
57, 43, 29, 30, 16, 17, 18, 
type_1_num: 497; type_2_num: 465
19, 20, 34, 48, 62, 
62, 48, 34, 33, 19, 
type_1_num: 498; type_2_num: 465
20, 34, 48, 62, 61, 60, 
60, 61, 62, 48, 34, 20, 
type_1_num: 499; type_2_num: 465
21, 35, 49, 63, 62, 
62, 63, 49, 35, 21, 
type_1_num: 500; type_2_num: 465
22, 36, 50, 49, 63, 
63, 49, 35, 36, 22, 
type_1_num: 501; type_2_num: 465
23, 24, 25, 26, 40, 54, 
54, 40, 26, 25, 24, 23, 
type_1_num: 502; type_2_num: 465
24, 23, 22, 36, 
36, 22, 23, 24, 
type_1_num: 503; type_2_num: 465
25, 26, 40, 54, 
54, 40, 39, 25, 
type_1_num: 504; type_2_num: 465
26, 25, 24, 23, 37, 51, 65, 
65, 66, 67, 68, 54, 40, 26, 
type_1_num: 505; type_2_num: 465
27, 41, 55, 69, 68, 67, 
67, 68, 69, 55, 41, 27, 
type_1_num: 506; type_2_num: 465
28, 14, 0, 1, 2, 3, 
3, 2, 1, 0, 14, 28, 
type_1_num: 507; type_2_num: 465
29, 30, 31, 45, 
30, 31, 32, 46, 
46, 32, 31, 30, 
type_1_num: 508; type_2_num: 465
32, 18, 4, 3, 2, 
2, 3, 4, 18, 32, 
type_1_num: 509; type_2_num: 465
33, 32, 46, 60, 74, 
74, 60, 61, 47, 33, 
type_1_num: 510; type_2_num: 465
34, 20, 6, 5, 
5, 6, 20, 34, 
type_1_num: 511; type_2_num: 465
35, 49, 63, 77, 76, 
76, 62, 48, 49, 35, 
type_1_num: 512; type_2_num: 465
36, 37, 51, 65, 66, 
66, 65, 51, 50, 36, 
type_1_num: 513; type_2_num: 465
37, 51, 65, 66, 80, 
80, 79, 65, 51, 37, 
type_1_num: 514; type_2_num: 465
39, 38, 37, 36, 50, 64, 78, 
78, 64, 50, 36, 37, 38, 39, 
type_1_num: 515; type_2_num: 465
40, 41, 55, 69, 83, 
83, 69, 55, 41, 40, 
type_1_num: 516; type_2_num: 465
41, 55, 69, 68, 82, 
82, 83, 69, 55, 41, 
type_1_num: 517; type_2_num: 465
42, 56, 57, 58, 
58, 57, 43, 42, 
58, 57, 56, 42, 
type_1_num: 517; type_2_num: 466
43, 44, 58, 59, 60, 
60, 59, 58, 57, 43, 
60, 59, 58, 57, 43, 
type_1_num: 517; type_2_num: 467
44, 43, 29, 
29, 30, 44, 
29, 30, 44, 
type_1_num: 517; type_2_num: 468
46, 60, 59, 58, 72, 86, 
86, 87, 73, 74, 60, 46, 
86, 87, 73, 74, 60, 46, 
type_1_num: 517; type_2_num: 469
47, 33, 34, 35, 21, 
21, 20, 34, 33, 47, 
21, 35, 34, 33, 47, 
type_1_num: 517; type_2_num: 470
48, 34, 33, 32, 18, 17, 
17, 18, 32, 33, 34, 48, 
17, 18, 19, 33, 34, 48, 
type_1_num: 517; type_2_num: 471
49, 35, 36, 37, 
37, 36, 35, 49, 
37, 36, 35, 49, 
type_1_num: 517; type_2_num: 472
50, 64, 78, 92, 93, 94, 
94, 93, 92, 78, 64, 50, 
94, 93, 92, 78, 64, 50, 
type_1_num: 517; type_2_num: 473
51, 65, 66, 80, 
80, 79, 65, 51, 
80, 79, 65, 51, 
type_1_num: 517; type_2_num: 474
53, 67, 66, 65, 64, 
64, 65, 66, 67, 53, 
64, 65, 66, 67, 53, 
type_1_num: 517; type_2_num: 475
54, 68, 67, 81, 80, 
80, 81, 82, 68, 54, 
80, 81, 67, 53, 54, 
type_1_num: 517; type_2_num: 476
55, 69, 68, 67, 66, 
66, 67, 68, 69, 55, 
66, 67, 53, 54, 55, 
type_1_num: 517; type_2_num: 477
56, 42, 28, 29, 30, 16, 17, 
17, 16, 15, 14, 28, 42, 56, 
17, 16, 15, 14, 28, 42, 56, 
type_1_num: 517; type_2_num: 478
57, 56, 42, 28, 
28, 42, 56, 57, 
28, 42, 56, 57, 
type_1_num: 517; type_2_num: 479
58, 59, 60, 46, 
46, 60, 59, 58, 
46, 60, 59, 58, 
type_1_num: 517; type_2_num: 480
59, 60, 46, 32, 18, 
18, 32, 46, 60, 59, 
18, 32, 46, 60, 59, 
type_1_num: 517; type_2_num: 481
60, 61, 75, 89, 90, 91, 
91, 90, 89, 75, 61, 60, 
91, 90, 89, 75, 61, 60, 
type_1_num: 517; type_2_num: 482
61, 60, 46, 32, 
32, 33, 47, 61, 
32, 46, 47, 61, 
type_1_num: 517; type_2_num: 483
63, 77, 91, 92, 106, 107, 
107, 106, 105, 91, 77, 63, 
107, 106, 105, 91, 77, 63, 
type_1_num: 517; type_2_num: 484
64, 65, 51, 
51, 50, 64, 
51, 50, 64, 
type_1_num: 517; type_2_num: 485
65, 66, 67, 68, 54, 40, 26, 
26, 25, 24, 23, 37, 51, 65, 
26, 25, 24, 23, 37, 51, 65, 
type_1_num: 517; type_2_num: 486
66, 67, 53, 
53, 67, 66, 
53, 67, 66, 
type_1_num: 517; type_2_num: 487
67, 81, 80, 79, 78, 
78, 79, 80, 81, 67, 
78, 79, 80, 81, 67, 
type_1_num: 517; type_2_num: 488
68, 67, 81, 95, 109, 
109, 110, 96, 82, 68, 
109, 110, 96, 82, 68, 
type_1_num: 517; type_2_num: 489
69, 55, 41, 40, 
40, 41, 55, 69, 
40, 41, 55, 69, 
type_1_num: 517; type_2_num: 490
70, 71, 85, 86, 87, 101, 
101, 100, 99, 85, 84, 70, 
101, 100, 99, 98, 84, 70, 
type_1_num: 517; type_2_num: 491
71, 72, 73, 87, 101, 115, 
72, 71, 85, 
85, 71, 72, 
85, 86, 72, 
type_1_num: 517; type_2_num: 492
73, 72, 86, 100, 114, 
114, 100, 86, 87, 73, 
114, 100, 86, 87, 73, 
type_1_num: 517; type_2_num: 493
74, 73, 72, 71, 85, 99, 
99, 85, 86, 87, 88, 74, 
99, 100, 86, 87, 88, 74, 
type_1_num: 517; type_2_num: 494
75, 74, 73, 87, 
87, 88, 89, 75, 
87, 88, 89, 75, 
type_1_num: 517; type_2_num: 495
76, 75, 74, 73, 87, 
87, 88, 89, 90, 76, 
87, 88, 89, 90, 76, 
type_1_num: 517; type_2_num: 496
77, 78, 64, 65, 
65, 79, 78, 77, 
65, 64, 63, 77, 
type_1_num: 517; type_2_num: 497
78, 79, 65, 51, 52, 
79, 93, 107, 106, 
106, 92, 78, 79, 
106, 92, 93, 79, 
type_1_num: 517; type_2_num: 498
80, 79, 65, 51, 
51, 65, 66, 80, 
51, 65, 66, 80, 
type_1_num: 517; type_2_num: 499
81, 80, 94, 108, 
108, 94, 95, 81, 
108, 94, 95, 81, 
type_1_num: 517; type_2_num: 500
82, 81, 67, 53, 39, 38, 
38, 39, 40, 54, 68, 82, 
38, 39, 40, 54, 68, 82, 
type_1_num: 517; type_2_num: 501
83, 82, 68, 67, 66, 
66, 67, 81, 82, 83, 
66, 67, 68, 69, 83, 
type_1_num: 517; type_2_num: 502
84, 85, 86, 87, 101, 115, 129, 
85, 86, 72, 73, 74, 
74, 73, 72, 71, 85, 
type_1_num: 518; type_2_num: 502
86, 100, 99, 98, 112, 
112, 98, 99, 100, 86, 
type_1_num: 519; type_2_num: 502
87, 88, 89, 103, 117, 
117, 116, 102, 101, 87, 
type_1_num: 520; type_2_num: 502
88, 87, 86, 100, 114, 
114, 100, 101, 102, 88, 
type_1_num: 521; type_2_num: 502
89, 103, 102, 101, 
101, 102, 103, 89, 
type_1_num: 522; type_2_num: 502
90, 89, 88, 87, 101, 115, 129, 
91, 90, 89, 88, 102, 116, 130, 
130, 131, 132, 133, 119, 105, 91, 
type_1_num: 523; type_2_num: 502
92, 91, 90, 89, 103, 117, 
117, 118, 119, 105, 91, 92, 
type_1_num: 524; type_2_num: 502
93, 92, 91, 90, 104, 
104, 105, 106, 92, 93, 
type_1_num: 525; type_2_num: 502
94, 95, 96, 110, 124, 138, 
138, 124, 123, 109, 108, 94, 
type_1_num: 526; type_2_num: 502
95, 96, 97, 111, 125, 139, 
139, 125, 124, 110, 109, 95, 
type_1_num: 527; type_2_num: 502
96, 97, 111, 125, 
125, 111, 110, 96, 
type_1_num: 528; type_2_num: 502
97, 83, 69, 68, 54, 
54, 68, 69, 83, 97, 
type_1_num: 529; type_2_num: 502
98, 112, 126, 140, 141, 142, 
142, 141, 127, 113, 99, 98, 
type_1_num: 530; type_2_num: 502
99, 85, 71, 72, 58, 59, 60, 
60, 59, 73, 72, 71, 85, 99, 
type_1_num: 531; type_2_num: 502
100, 99, 113, 127, 141, 
141, 127, 128, 114, 100, 
type_1_num: 532; type_2_num: 502
101, 102, 88, 
88, 102, 101, 
type_1_num: 533; type_2_num: 502
102, 103, 117, 
117, 103, 102, 
type_1_num: 534; type_2_num: 502
103, 89, 75, 76, 
76, 75, 89, 103, 
type_1_num: 535; type_2_num: 502
104, 105, 106, 107, 121, 
121, 107, 106, 105, 104, 
type_1_num: 536; type_2_num: 502
105, 106, 120, 121, 
121, 107, 106, 105, 
type_1_num: 537; type_2_num: 502
106, 120, 134, 148, 149, 150, 151, 
151, 150, 149, 148, 134, 120, 106, 
type_1_num: 538; type_2_num: 502
107, 121, 135, 149, 150, 151, 152, 
152, 138, 137, 123, 109, 108, 107, 
type_1_num: 539; type_2_num: 502
108, 94, 95, 81, 82, 
82, 96, 95, 94, 108, 
type_1_num: 540; type_2_num: 502
109, 108, 107, 106, 92, 78, 
78, 79, 93, 94, 95, 109, 
type_1_num: 541; type_2_num: 502
110, 109, 108, 107, 121, 
121, 107, 108, 109, 110, 
type_1_num: 542; type_2_num: 502
111, 110, 96, 95, 81, 80, 
80, 94, 95, 96, 97, 111, 
type_1_num: 543; type_2_num: 502
112, 113, 114, 115, 129, 
113, 127, 141, 155, 156, 157, 158, 
158, 157, 143, 142, 128, 114, 113, 
type_1_num: 544; type_2_num: 502
114, 128, 142, 143, 157, 
157, 156, 142, 128, 114, 
type_1_num: 545; type_2_num: 502
116, 117, 118, 119, 133, 147, 161, 
161, 147, 146, 145, 131, 117, 116, 
type_1_num: 546; type_2_num: 502
117, 118, 119, 133, 
133, 119, 118, 117, 
type_1_num: 547; type_2_num: 502
118, 132, 146, 145, 144, 
144, 145, 146, 132, 118, 
type_1_num: 548; type_2_num: 502
119, 120, 121, 135, 149, 
149, 148, 147, 133, 119, 
type_1_num: 549; type_2_num: 502
120, 134, 148, 162, 163, 
163, 162, 148, 134, 120, 
type_1_num: 550; type_2_num: 502
121, 107, 93, 79, 80, 81, 82, 
82, 81, 80, 94, 93, 107, 121, 
type_1_num: 551; type_2_num: 502
123, 124, 125, 111, 
111, 110, 109, 123, 
type_1_num: 552; type_2_num: 502
124, 138, 152, 151, 150, 164, 163, 
163, 149, 150, 151, 137, 123, 124, 
type_1_num: 553; type_2_num: 502
125, 111, 97, 83, 82, 
82, 96, 97, 111, 125, 
type_1_num: 554; type_2_num: 502
126, 112, 98, 84, 85, 
85, 84, 98, 112, 126, 
85, 84, 98, 112, 126, 
type_1_num: 554; type_2_num: 503
127, 128, 114, 100, 86, 
86, 85, 99, 113, 127, 
86, 85, 99, 113, 127, 
type_1_num: 554; type_2_num: 504
128, 114, 115, 116, 117, 
117, 116, 115, 114, 128, 
117, 116, 115, 114, 128, 
type_1_num: 554; type_2_num: 505
130, 116, 115, 114, 113, 
131, 145, 159, 158, 
158, 144, 145, 131, 
158, 159, 145, 131, 
type_1_num: 554; type_2_num: 506
132, 131, 117, 116, 102, 101, 87, 
87, 88, 89, 90, 104, 118, 132, 
87, 88, 89, 90, 104, 118, 132, 
type_1_num: 554; type_2_num: 507
133, 119, 105, 106, 107, 93, 
93, 92, 91, 105, 119, 133, 
93, 92, 91, 105, 119, 133, 
type_1_num: 554; type_2_num: 508
134, 120, 121, 122, 123, 
123, 137, 136, 135, 134, 
135, 121, 107, 108, 109, 110, 96, 
96, 95, 94, 93, 107, 121, 135, 
96, 95, 94, 93, 107, 121, 135, 
type_1_num: 554; type_2_num: 509
137, 123, 109, 108, 
108, 109, 123, 137, 
108, 109, 123, 137, 
type_1_num: 554; type_2_num: 510
138, 139, 125, 
125, 139, 138, 
125, 139, 138, 
type_1_num: 554; type_2_num: 511
139, 125, 124, 110, 96, 95, 94, 
94, 95, 96, 97, 111, 125, 139, 
94, 95, 109, 110, 111, 125, 139, 
type_1_num: 554; type_2_num: 512
140, 126, 112, 113, 114, 100, 101, 
101, 100, 99, 98, 112, 126, 140, 
101, 100, 99, 98, 112, 126, 140, 
type_1_num: 554; type_2_num: 513
141, 142, 143, 144, 130, 116, 
116, 130, 144, 143, 142, 141, 
116, 115, 114, 113, 127, 141, 
type_1_num: 554; type_2_num: 514
142, 143, 157, 
157, 156, 142, 
157, 156, 142, 
type_1_num: 554; type_2_num: 515
143, 144, 145, 131, 
131, 145, 144, 143, 
131, 130, 144, 143, 
type_1_num: 554; type_2_num: 516
144, 130, 116, 115, 114, 113, 99, 
99, 113, 114, 128, 142, 143, 144, 
99, 113, 127, 141, 142, 143, 144, 
type_1_num: 554; type_2_num: 517
145, 159, 158, 157, 
157, 158, 159, 145, 
157, 158, 159, 145, 
type_1_num: 554; type_2_num: 518
146, 147, 148, 134, 120, 
120, 119, 118, 132, 146, 
120, 134, 133, 132, 146, 
type_1_num: 554; type_2_num: 519
147, 146, 132, 118, 117, 
117, 118, 132, 133, 147, 
117, 118, 132, 146, 147, 
type_1_num: 554; type_2_num: 520
148, 149, 135, 121, 
121, 120, 134, 148, 
121, 135, 149, 148, 
type_1_num: 554; type_2_num: 521
149, 150, 151, 152, 138, 
138, 137, 151, 150, 149, 
138, 137, 151, 150, 149, 
type_1_num: 554; type_2_num: 522
150, 151, 137, 123, 109, 
109, 123, 137, 151, 150, 
109, 123, 137, 151, 150, 
type_1_num: 554; type_2_num: 523
151, 150, 149, 148, 134, 120, 
120, 121, 135, 149, 150, 151, 
120, 134, 135, 149, 150, 151, 
type_1_num: 554; type_2_num: 524
152, 138, 124, 123, 122, 121, 107, 
107, 108, 109, 110, 124, 138, 152, 
107, 108, 109, 110, 124, 138, 152, 
type_1_num: 554; type_2_num: 525
153, 152, 138, 124, 123, 122, 108, 
108, 109, 110, 111, 125, 139, 153, 
154, 140, 141, 127, 128, 
128, 142, 156, 155, 154, 
128, 127, 141, 140, 154, 
type_1_num: 554; type_2_num: 526
155, 141, 142, 
142, 156, 155, 
142, 141, 155, 
type_1_num: 554; type_2_num: 527
156, 157, 158, 159, 145, 131, 117, 
117, 116, 130, 144, 158, 157, 156, 
117, 131, 145, 144, 158, 157, 156, 
type_1_num: 554; type_2_num: 528
157, 156, 155, 154, 140, 126, 
126, 140, 141, 155, 156, 157, 
126, 140, 141, 155, 156, 157, 
type_1_num: 554; type_2_num: 529
159, 158, 157, 156, 142, 128, 
128, 142, 143, 157, 158, 159, 
128, 142, 156, 157, 158, 159, 
type_1_num: 554; type_2_num: 530
160, 159, 158, 144, 
144, 145, 146, 160, 
144, 158, 159, 160, 
type_1_num: 554; type_2_num: 531
161, 162, 163, 164, 150, 
150, 164, 163, 162, 161, 
150, 164, 163, 162, 161, 
type_1_num: 554; type_2_num: 532
162, 148, 147, 133, 
133, 147, 161, 162, 
133, 147, 148, 162, 
type_1_num: 554; type_2_num: 533
163, 164, 150, 136, 
164, 163, 162, 148, 
148, 149, 150, 164, 
148, 149, 150, 164, 
type_1_num: 554; type_2_num: 534
165, 164, 163, 162, 148, 134, 120, 
120, 134, 135, 149, 150, 164, 165, 
120, 134, 148, 162, 163, 164, 165, 
type_1_num: 554; type_2_num: 535
166, 165, 151, 137, 
137, 151, 165, 166, 
137, 151, 165, 166, 
type_1_num: 554; type_2_num: 536
167, 166, 152, 151, 
151, 165, 166, 167, 
151, 152, 153, 167, 
type_1_num: 554; type_2_num: 537
0, 14, 15, 16, 30, 
30, 16, 15, 14, 0, 
type_1_num: 555; type_2_num: 537
1, 2, 16, 30, 44, 
44, 43, 29, 15, 1, 
type_1_num: 556; type_2_num: 537
2, 3, 17, 
17, 16, 2, 
type_1_num: 557; type_2_num: 537
3, 2, 1, 15, 29, 28, 
28, 14, 15, 1, 2, 3, 
type_1_num: 558; type_2_num: 537
4, 3, 2, 16, 30, 44, 
44, 30, 16, 2, 3, 4, 
type_1_num: 559; type_2_num: 537
5, 19, 33, 47, 46, 
46, 47, 33, 19, 5, 
type_1_num: 560; type_2_num: 537
6, 5, 4, 3, 17, 
17, 3, 4, 5, 6, 
type_1_num: 561; type_2_num: 537
7, 8, 9, 23, 
23, 22, 21, 7, 
type_1_num: 562; type_2_num: 537
8, 9, 10, 11, 25, 
25, 24, 23, 22, 8, 
type_1_num: 563; type_2_num: 537
9, 8, 7, 6, 20, 34, 48, 
48, 34, 20, 21, 22, 8, 9, 
type_1_num: 564; type_2_num: 537
10, 11, 12, 26, 40, 
40, 26, 12, 11, 10, 
type_1_num: 565; type_2_num: 537
11, 10, 9, 8, 22, 
22, 8, 9, 10, 11, 
type_1_num: 566; type_2_num: 537
12, 11, 10, 24, 38, 52, 
13, 12, 26, 40, 54, 53, 
53, 39, 40, 41, 27, 13, 
type_1_num: 567; type_2_num: 537
14, 15, 29, 43, 44, 
44, 43, 29, 28, 14, 
type_1_num: 568; type_2_num: 537
15, 16, 17, 31, 45, 
16, 17, 18, 32, 46, 
46, 32, 18, 17, 16, 
type_1_num: 569; type_2_num: 537
17, 18, 32, 
32, 18, 17, 
type_1_num: 570; type_2_num: 537
18, 4, 5, 6, 7, 
7, 21, 20, 19, 18, 
type_1_num: 571; type_2_num: 537
19, 18, 17, 31, 30, 44, 
44, 30, 31, 32, 33, 19, 
type_1_num: 572; type_2_num: 537
20, 21, 22, 36, 50, 
50, 49, 35, 21, 20, 
type_1_num: 573; type_2_num: 537
21, 20, 34, 48, 47, 61, 
61, 62, 48, 34, 35, 21, 
type_1_num: 574; type_2_num: 537
22, 23, 37, 51, 65, 66, 
23, 24, 10, 11, 12, 
12, 11, 25, 24, 23, 
type_1_num: 575; type_2_num: 537
24, 23, 37, 51, 65, 
25, 24, 23, 22, 36, 
36, 22, 23, 24, 25, 
type_1_num: 576; type_2_num: 537
26, 27, 13, 
13, 12, 26, 
type_1_num: 577; type_2_num: 537
27, 41, 55, 69, 68, 
68, 69, 55, 41, 27, 
type_1_num: 578; type_2_num: 537
28, 29, 30, 16, 2, 3, 
3, 2, 1, 0, 14, 28, 
type_1_num: 579; type_2_num: 537
29, 43, 44, 58, 72, 73, 74, 
74, 73, 72, 71, 57, 43, 29, 
type_1_num: 580; type_2_num: 537
30, 29, 28, 14, 0, 
0, 1, 2, 16, 30, 
type_1_num: 581; type_2_num: 537
32, 33, 34, 48, 62, 
62, 48, 34, 33, 32, 
type_1_num: 582; type_2_num: 537
33, 19, 18, 4, 3, 2, 
2, 3, 4, 5, 19, 33, 
type_1_num: 583; type_2_num: 537
34, 20, 19, 
19, 20, 34, 
type_1_num: 584; type_2_num: 537
35, 34, 48, 
48, 49, 35, 
type_1_num: 585; type_2_num: 537
36, 50, 64, 65, 79, 80, 
80, 79, 78, 64, 50, 36, 
type_1_num: 586; type_2_num: 537
37, 23, 22, 
22, 23, 37, 
type_1_num: 587; type_2_num: 537
39, 25, 26, 27, 
27, 26, 25, 39, 
type_1_num: 588; type_2_num: 537
40, 54, 68, 82, 81, 80, 79, 
41, 55, 69, 68, 67, 
67, 68, 69, 55, 41, 
type_1_num: 589; type_2_num: 537
42, 28, 14, 15, 1, 
1, 0, 14, 28, 42, 
1, 0, 14, 28, 42, 
type_1_num: 589; type_2_num: 538
43, 42, 56, 
56, 42, 43, 
56, 42, 43, 
type_1_num: 589; type_2_num: 539
44, 58, 57, 56, 
56, 57, 58, 44, 
56, 57, 58, 44, 
type_1_num: 589; type_2_num: 540
46, 32, 31, 
31, 32, 46, 
31, 32, 46, 
type_1_num: 589; type_2_num: 541
47, 48, 62, 63, 
63, 62, 48, 47, 
63, 62, 61, 47, 
type_1_num: 589; type_2_num: 542
48, 47, 33, 32, 
32, 33, 34, 48, 
32, 33, 34, 48, 
type_1_num: 589; type_2_num: 543
49, 35, 34, 33, 19, 
19, 20, 21, 35, 49, 
19, 33, 47, 48, 49, 
type_1_num: 589; type_2_num: 544
50, 64, 65, 
65, 64, 50, 
65, 51, 50, 
type_1_num: 589; type_2_num: 545
53, 54, 68, 82, 
82, 81, 67, 53, 
82, 81, 67, 53, 
type_1_num: 589; type_2_num: 546
55, 41, 27, 26, 25, 11, 
11, 12, 13, 27, 41, 55, 
11, 12, 26, 40, 41, 55, 
type_1_num: 589; type_2_num: 547
56, 70, 84, 85, 86, 
86, 85, 84, 70, 56, 
86, 85, 84, 70, 56, 
type_1_num: 589; type_2_num: 548
57, 56, 42, 
42, 43, 57, 
42, 43, 57, 
type_1_num: 589; type_2_num: 549
58, 59, 73, 87, 
87, 86, 72, 58, 
87, 73, 59, 58, 
type_1_num: 589; type_2_num: 550
59, 60, 61, 62, 48, 
48, 47, 61, 60, 59, 
48, 62, 61, 60, 59, 
type_1_num: 589; type_2_num: 551
60, 59, 58, 72, 86, 
86, 87, 88, 74, 60, 
86, 87, 88, 74, 60, 
type_1_num: 589; type_2_num: 552
61, 60, 74, 
74, 75, 61, 
74, 75, 61, 
type_1_num: 589; type_2_num: 553
62, 61, 47, 33, 19, 18, 17, 
17, 18, 19, 20, 34, 48, 62, 
17, 18, 19, 20, 34, 48, 62, 
type_1_num: 589; type_2_num: 554
63, 64, 50, 
50, 49, 63, 
50, 49, 63, 
type_1_num: 589; type_2_num: 555
64, 78, 79, 
79, 78, 64, 
79, 78, 64, 
type_1_num: 589; type_2_num: 556
65, 79, 80, 81, 82, 96, 110, 
110, 96, 95, 94, 93, 79, 65, 
110, 109, 108, 94, 93, 79, 65, 
type_1_num: 589; type_2_num: 557
68, 82, 96, 97, 111, 
111, 97, 83, 82, 68, 
111, 97, 83, 82, 68, 
type_1_num: 589; type_2_num: 558
69, 55, 54, 53, 
53, 54, 55, 69, 
53, 54, 55, 69, 
type_1_num: 589; type_2_num: 559
70, 71, 57, 
57, 56, 70, 
57, 56, 70, 
type_1_num: 589; type_2_num: 560
71, 85, 86, 100, 101, 102, 
102, 101, 100, 99, 85, 71, 
102, 101, 100, 99, 85, 71, 
type_1_num: 589; type_2_num: 561
72, 58, 44, 45, 
73, 74, 60, 46, 
46, 60, 59, 73, 
46, 45, 59, 73, 
type_1_num: 589; type_2_num: 562
74, 75, 76, 62, 48, 
48, 47, 61, 75, 74, 
48, 47, 61, 75, 74, 
type_1_num: 589; type_2_num: 563
75, 61, 47, 46, 
46, 47, 61, 75, 
46, 47, 61, 75, 
type_1_num: 589; type_2_num: 564
76, 77, 78, 64, 50, 36, 37, 
37, 51, 50, 49, 63, 62, 76, 
37, 36, 35, 49, 48, 62, 76, 
type_1_num: 589; type_2_num: 565
77, 76, 62, 61, 
61, 75, 76, 77, 
61, 62, 63, 77, 
type_1_num: 589; type_2_num: 566
78, 64, 50, 51, 37, 
37, 36, 50, 64, 78, 
37, 36, 50, 64, 78, 
type_1_num: 589; type_2_num: 567
79, 93, 107, 108, 109, 
109, 108, 107, 93, 79, 
109, 108, 107, 93, 79, 
type_1_num: 589; type_2_num: 568
82, 83, 97, 
97, 96, 82, 
97, 83, 82, 
type_1_num: 589; type_2_num: 569
83, 69, 68, 54, 
54, 55, 69, 83, 
54, 55, 69, 83, 
type_1_num: 589; type_2_num: 570
84, 98, 112, 113, 114, 
114, 113, 112, 98, 84, 
type_1_num: 590; type_2_num: 570
85, 86, 72, 58, 59, 
59, 58, 72, 86, 85, 
type_1_num: 591; type_2_num: 570
86, 87, 88, 74, 60, 46, 
87, 88, 102, 116, 130, 
88, 89, 75, 61, 47, 
47, 61, 75, 89, 88, 
type_1_num: 592; type_2_num: 570
89, 90, 91, 105, 119, 133, 134, 
134, 133, 119, 105, 104, 103, 89, 
type_1_num: 593; type_2_num: 570
90, 91, 77, 78, 
78, 92, 91, 90, 
type_1_num: 594; type_2_num: 570
91, 77, 76, 
76, 77, 91, 
type_1_num: 595; type_2_num: 570
92, 91, 90, 89, 103, 117, 
117, 118, 119, 120, 106, 92, 
type_1_num: 596; type_2_num: 570
93, 94, 95, 109, 
94, 93, 79, 
79, 93, 94, 
type_1_num: 597; type_2_num: 570
97, 96, 95, 109, 123, 122, 
98, 99, 100, 101, 115, 
99, 98, 84, 70, 56, 
56, 70, 84, 98, 99, 
type_1_num: 598; type_2_num: 570
100, 99, 113, 
113, 99, 100, 
type_1_num: 599; type_2_num: 570
101, 102, 116, 117, 118, 132, 146, 
146, 132, 118, 104, 103, 102, 101, 
type_1_num: 600; type_2_num: 570
102, 101, 100, 99, 85, 71, 
71, 85, 86, 87, 88, 102, 
type_1_num: 601; type_2_num: 570
103, 104, 90, 76, 62, 
62, 61, 75, 89, 103, 
type_1_num: 602; type_2_num: 570
104, 105, 91, 92, 
92, 91, 105, 104, 
type_1_num: 603; type_2_num: 570
105, 106, 120, 121, 122, 
122, 121, 120, 119, 105, 
type_1_num: 604; type_2_num: 570
106, 105, 91, 90, 76, 
76, 90, 104, 105, 106, 
type_1_num: 605; type_2_num: 570
107, 93, 94, 95, 96, 
96, 95, 94, 93, 107, 
type_1_num: 606; type_2_num: 570
111, 110, 124, 
124, 125, 111, 
type_1_num: 607; type_2_num: 570
112, 126, 140, 141, 155, 
155, 154, 140, 126, 112, 
type_1_num: 608; type_2_num: 570
113, 99, 98, 
98, 112, 113, 
type_1_num: 609; type_2_num: 570
117, 116, 102, 101, 
101, 102, 103, 117, 
type_1_num: 610; type_2_num: 570
118, 132, 146, 145, 159, 158, 157, 
157, 158, 159, 160, 146, 132, 118, 
type_1_num: 611; type_2_num: 570
119, 105, 104, 90, 89, 88, 74, 
74, 75, 76, 77, 91, 105, 119, 
type_1_num: 612; type_2_num: 570
120, 119, 105, 104, 90, 76, 
76, 77, 78, 92, 106, 120, 
type_1_num: 613; type_2_num: 570
121, 135, 149, 150, 151, 152, 
152, 151, 137, 123, 122, 121, 
type_1_num: 614; type_2_num: 570
124, 125, 139, 153, 
153, 152, 138, 124, 
type_1_num: 615; type_2_num: 570
125, 111, 110, 96, 82, 81, 
81, 82, 83, 97, 111, 125, 
type_1_num: 616; type_2_num: 570
126, 127, 113, 99, 100, 86, 87, 
127, 141, 155, 156, 157, 
157, 143, 142, 141, 127, 
157, 156, 155, 141, 127, 
type_1_num: 616; type_2_num: 571
130, 116, 115, 114, 
131, 130, 116, 115, 
132, 133, 134, 135, 121, 
133, 147, 148, 149, 163, 
163, 162, 161, 147, 133, 
163, 162, 161, 147, 133, 
type_1_num: 616; type_2_num: 572
134, 135, 149, 163, 
163, 162, 148, 134, 
163, 162, 148, 134, 
type_1_num: 616; type_2_num: 573
135, 134, 133, 132, 146, 
146, 147, 133, 134, 135, 
146, 147, 133, 134, 135, 
type_1_num: 616; type_2_num: 574
138, 137, 123, 122, 108, 
108, 109, 110, 124, 138, 
139, 125, 111, 110, 109, 
109, 110, 111, 125, 139, 
109, 123, 124, 125, 139, 
type_1_num: 616; type_2_num: 575
140, 126, 112, 113, 
113, 127, 126, 140, 
113, 112, 126, 140, 
type_1_num: 616; type_2_num: 576
141, 140, 126, 112, 98, 
98, 112, 126, 140, 141, 
98, 99, 113, 127, 141, 
type_1_num: 616; type_2_num: 577
142, 141, 127, 113, 99, 98, 
98, 112, 113, 127, 141, 142, 
98, 112, 126, 127, 128, 142, 
type_1_num: 616; type_2_num: 578
144, 145, 146, 132, 
132, 146, 145, 144, 
132, 146, 145, 144, 
type_1_num: 616; type_2_num: 579
145, 131, 117, 103, 102, 
146, 132, 133, 119, 
119, 118, 132, 146, 
119, 118, 132, 146, 
type_1_num: 616; type_2_num: 580
147, 148, 134, 120, 121, 
148, 134, 120, 106, 107, 108, 109, 
149, 163, 164, 
164, 163, 149, 
164, 163, 149, 
type_1_num: 616; type_2_num: 581
150, 151, 152, 153, 139, 125, 111, 
111, 110, 124, 138, 137, 151, 150, 
111, 125, 139, 153, 152, 151, 150, 
type_1_num: 616; type_2_num: 582
151, 137, 138, 124, 
124, 138, 137, 151, 
124, 138, 152, 151, 
type_1_num: 616; type_2_num: 583
152, 153, 139, 125, 111, 
111, 125, 139, 153, 152, 
111, 125, 139, 138, 152, 
type_1_num: 616; type_2_num: 584
153, 139, 138, 124, 
124, 125, 139, 153, 
124, 125, 139, 153, 
type_1_num: 616; type_2_num: 585
154, 155, 141, 
141, 140, 154, 
141, 155, 154, 
type_1_num: 616; type_2_num: 586
155, 156, 142, 143, 129, 
156, 142, 143, 144, 130, 
157, 156, 155, 154, 140, 126, 
126, 140, 154, 155, 156, 157, 
126, 140, 154, 155, 156, 157, 
type_1_num: 616; type_2_num: 587
158, 159, 145, 131, 117, 
159, 160, 161, 162, 148, 134, 
134, 148, 147, 146, 145, 159, 
134, 148, 162, 161, 160, 159, 
type_1_num: 616; type_2_num: 588
160, 159, 145, 131, 
131, 132, 146, 160, 
131, 145, 159, 160, 
type_1_num: 616; type_2_num: 589
161, 162, 163, 164, 150, 
150, 149, 163, 162, 161, 
162, 161, 160, 146, 
146, 147, 148, 162, 
146, 160, 161, 162, 
type_1_num: 616; type_2_num: 590
163, 162, 161, 147, 
147, 161, 162, 163, 
147, 161, 162, 163, 
type_1_num: 616; type_2_num: 591
164, 163, 162, 148, 134, 120, 
165, 166, 152, 138, 124, 
124, 138, 152, 166, 165, 
124, 138, 152, 166, 165, 
type_1_num: 616; type_2_num: 592
167, 166, 152, 151, 
151, 152, 153, 167, 
151, 152, 166, 167, 
type_1_num: 616; type_2_num: 593
0, 1, 2, 3, 17, 31, 
31, 30, 29, 28, 14, 0, 
type_1_num: 617; type_2_num: 593
1, 2, 3, 17, 31, 
31, 30, 29, 15, 1, 
type_1_num: 618; type_2_num: 593
2, 3, 17, 31, 
31, 30, 16, 2, 
type_1_num: 619; type_2_num: 593
3, 17, 31, 
31, 17, 3, 
type_1_num: 620; type_2_num: 593
4, 3, 17, 31, 
31, 32, 18, 4, 
type_1_num: 621; type_2_num: 593
5, 4, 3, 17, 31, 
6, 5, 4, 3, 17, 31, 
7, 8, 9, 10, 24, 38, 
38, 37, 36, 35, 21, 7, 
type_1_num: 622; type_2_num: 593
8, 9, 10, 24, 38, 
38, 37, 36, 22, 8, 
type_1_num: 623; type_2_num: 593
9, 10, 24, 38, 
38, 24, 23, 9, 
type_1_num: 624; type_2_num: 593
10, 24, 38, 
38, 24, 10, 
type_1_num: 625; type_2_num: 593
11, 25, 39, 38, 
38, 39, 25, 11, 
type_1_num: 626; type_2_num: 593
12, 11, 10, 24, 38, 
38, 39, 40, 26, 12, 
type_1_num: 627; type_2_num: 593
13, 12, 11, 10, 24, 38, 
14, 15, 29, 30, 31, 
31, 30, 29, 28, 14, 
type_1_num: 628; type_2_num: 593
15, 16, 30, 31, 
31, 30, 16, 15, 
type_1_num: 629; type_2_num: 593
16, 17, 31, 
31, 30, 16, 
type_1_num: 630; type_2_num: 593
17, 31, 
19, 33, 32, 31, 
20, 19, 33, 32, 31, 
21, 22, 23, 24, 38, 
38, 37, 36, 35, 21, 
type_1_num: 631; type_2_num: 593
22, 23, 24, 38, 
38, 37, 36, 22, 
type_1_num: 632; type_2_num: 593
23, 24, 38, 
24, 38, 
38, 24, 
type_1_num: 633; type_2_num: 593
25, 24, 38, 
26, 25, 24, 38, 
27, 26, 25, 24, 38, 
28, 29, 30, 31, 
29, 30, 31, 
30, 31, 
32, 31, 
33, 32, 31, 
34, 33, 32, 31, 
35, 36, 37, 38, 
36, 37, 38, 
37, 38, 
38, 37, 
type_1_num: 634; type_2_num: 593
44, 45, 
46, 45, 
60, 46, 45, 
61, 60, 46, 45, 
84, 85, 86, 87, 101, 115, 
85, 86, 87, 101, 115, 
86, 87, 101, 115, 
87, 101, 115, 
88, 87, 101, 115, 
89, 103, 117, 116, 115, 
90, 104, 103, 102, 101, 115, 
97, 111, 125, 124, 123, 122, 
98, 99, 100, 101, 115, 
99, 100, 101, 115, 
100, 101, 115, 
115, 114, 100, 
type_1_num: 635; type_2_num: 593
101, 115, 
102, 101, 115, 
103, 102, 101, 115, 
104, 103, 102, 101, 115, 
108, 122, 
122, 108, 
type_1_num: 636; type_2_num: 593
116, 115, 
128, 129, 
129, 128, 
130, 129, 
129, 130, 
131, 130, 129, 
137, 136, 
138, 137, 136, 
140, 141, 142, 143, 129, 
141, 142, 143, 129, 
142, 143, 129, 
143, 129, 
129, 143, 
145, 131, 130, 129, 
146, 145, 131, 130, 129, 
154, 155, 156, 142, 143, 129, 
155, 156, 142, 143, 129, 
156, 142, 143, 129, 
0, 14, 15, 16, 30, 
30, 16, 15, 14, 0, 
type_1_num: 637; type_2_num: 593
1, 2, 3, 17, 31, 
2, 1, 0, 14, 28, 42, 
42, 28, 29, 15, 16, 2, 
type_1_num: 638; type_2_num: 593
3, 4, 18, 19, 33, 
33, 19, 5, 4, 3, 
type_1_num: 639; type_2_num: 593
4, 5, 6, 20, 
20, 6, 5, 4, 
type_1_num: 640; type_2_num: 593
5, 4, 18, 
18, 19, 5, 
type_1_num: 641; type_2_num: 593
6, 20, 19, 
19, 5, 6, 
type_1_num: 642; type_2_num: 593
7, 8, 9, 23, 24, 
24, 23, 9, 8, 7, 
type_1_num: 643; type_2_num: 593
8, 7, 6, 5, 19, 
19, 5, 6, 7, 8, 
type_1_num: 644; type_2_num: 593
9, 8, 7, 6, 20, 
20, 6, 7, 8, 9, 
type_1_num: 645; type_2_num: 593
10, 11, 12, 26, 
26, 12, 11, 10, 
type_1_num: 646; type_2_num: 593
11, 10, 9, 8, 22, 
22, 23, 9, 10, 11, 
type_1_num: 647; type_2_num: 593
12, 11, 25, 39, 53, 
13, 12, 26, 25, 24, 
24, 10, 11, 12, 13, 
type_1_num: 648; type_2_num: 593
14, 15, 29, 43, 44, 
44, 43, 42, 28, 14, 
type_1_num: 649; type_2_num: 593
15, 29, 43, 57, 58, 59, 
16, 17, 18, 19, 33, 47, 
47, 33, 32, 18, 17, 16, 
type_1_num: 650; type_2_num: 593
17, 16, 15, 29, 43, 57, 
57, 43, 44, 30, 16, 17, 
type_1_num: 651; type_2_num: 593
18, 4, 3, 2, 1, 
1, 2, 3, 4, 18, 
type_1_num: 652; type_2_num: 593
19, 20, 21, 22, 36, 50, 
50, 49, 35, 34, 20, 19, 
type_1_num: 653; type_2_num: 593
20, 21, 7, 
7, 21, 20, 
type_1_num: 654; type_2_num: 593
21, 20, 19, 18, 32, 
32, 33, 34, 35, 21, 
type_1_num: 655; type_2_num: 593
22, 21, 35, 49, 63, 
63, 49, 35, 21, 22, 
type_1_num: 656; type_2_num: 593
23, 24, 25, 26, 40, 54, 68, 
26, 27, 41, 55, 
55, 41, 27, 26, 
type_1_num: 657; type_2_num: 593
27, 26, 25, 39, 53, 
28, 42, 56, 57, 71, 72, 
72, 71, 57, 43, 42, 28, 
type_1_num: 658; type_2_num: 593
29, 30, 16, 17, 18, 
18, 17, 16, 15, 29, 
type_1_num: 659; type_2_num: 593
30, 44, 58, 72, 73, 74, 75, 
32, 33, 34, 35, 49, 63, 77, 
77, 63, 49, 35, 34, 33, 32, 
type_1_num: 660; type_2_num: 593
33, 47, 61, 60, 59, 
34, 20, 6, 5, 
5, 6, 20, 34, 
type_1_num: 661; type_2_num: 593
35, 49, 63, 77, 78, 79, 
79, 78, 77, 63, 49, 35, 
type_1_num: 662; type_2_num: 593
36, 35, 34, 33, 19, 
19, 20, 21, 22, 36, 
type_1_num: 663; type_2_num: 593
37, 36, 35, 21, 
21, 22, 23, 37, 
type_1_num: 664; type_2_num: 593
40, 54, 68, 82, 81, 
81, 67, 53, 39, 40, 
type_1_num: 665; type_2_num: 593
41, 55, 69, 68, 82, 
82, 83, 69, 55, 41, 
type_1_num: 666; type_2_num: 593
42, 56, 57, 58, 72, 73, 
73, 72, 71, 70, 56, 42, 
73, 72, 71, 70, 56, 42, 
type_1_num: 666; type_2_num: 594
43, 57, 71, 72, 73, 74, 
44, 58, 72, 73, 87, 
87, 86, 72, 58, 44, 
87, 73, 72, 58, 44, 
type_1_num: 666; type_2_num: 595
47, 33, 19, 5, 4, 3, 
3, 4, 5, 19, 33, 47, 
3, 4, 5, 19, 33, 47, 
type_1_num: 666; type_2_num: 596
48, 62, 76, 75, 74, 
74, 75, 76, 62, 48, 
74, 75, 76, 62, 48, 
type_1_num: 666; type_2_num: 597
49, 63, 77, 91, 92, 93, 94, 
50, 49, 35, 34, 
34, 35, 49, 50, 
34, 35, 36, 50, 
type_1_num: 666; type_2_num: 598
54, 40, 39, 25, 24, 
24, 25, 26, 40, 54, 
55, 41, 27, 13, 12, 11, 
11, 12, 13, 27, 41, 55, 
11, 12, 26, 27, 41, 55, 
type_1_num: 666; type_2_num: 599
56, 70, 71, 72, 73, 87, 
87, 86, 85, 84, 70, 56, 
57, 71, 72, 73, 
73, 72, 71, 57, 
58, 57, 71, 85, 
85, 71, 72, 58, 
85, 71, 72, 58, 
type_1_num: 666; type_2_num: 600
60, 61, 75, 
75, 74, 60, 
75, 74, 60, 
type_1_num: 666; type_2_num: 601
61, 62, 63, 77, 91, 105, 106, 
106, 92, 91, 90, 76, 75, 61, 
106, 105, 104, 103, 89, 75, 61, 
type_1_num: 666; type_2_num: 602
62, 76, 75, 89, 88, 102, 101, 
101, 102, 88, 74, 60, 61, 62, 
64, 78, 77, 76, 90, 104, 103, 
103, 89, 90, 91, 92, 78, 64, 
103, 89, 90, 91, 92, 78, 64, 
type_1_num: 666; type_2_num: 603
68, 82, 96, 95, 94, 108, 
69, 83, 97, 111, 110, 
110, 111, 97, 83, 69, 
110, 111, 97, 83, 69, 
type_1_num: 666; type_2_num: 604
70, 84, 98, 112, 113, 
113, 112, 98, 84, 70, 
113, 99, 85, 84, 70, 
type_1_num: 666; type_2_num: 605
71, 85, 86, 100, 114, 
114, 100, 99, 85, 71, 
72, 73, 74, 88, 89, 
89, 88, 87, 86, 72, 
89, 88, 87, 86, 72, 
type_1_num: 666; type_2_num: 606
74, 75, 61, 47, 
47, 61, 75, 74, 
47, 61, 75, 74, 
type_1_num: 666; type_2_num: 607
76, 90, 89, 88, 87, 
87, 88, 89, 90, 76, 
77, 76, 75, 61, 
61, 62, 63, 77, 
61, 62, 63, 77, 
type_1_num: 666; type_2_num: 608
80, 79, 65, 64, 
82, 96, 95, 94, 93, 107, 
107, 108, 94, 95, 96, 82, 
83, 97, 111, 110, 
110, 111, 97, 83, 
110, 96, 97, 83, 
type_1_num: 666; type_2_num: 609
84, 70, 71, 72, 
72, 71, 70, 84, 
type_1_num: 667; type_2_num: 609
85, 86, 100, 101, 102, 116, 
86, 85, 71, 57, 43, 
43, 57, 71, 72, 86, 
type_1_num: 668; type_2_num: 609
89, 75, 61, 47, 48, 
48, 62, 76, 75, 89, 
type_1_num: 669; type_2_num: 609
90, 104, 105, 106, 107, 121, 
121, 120, 119, 105, 91, 90, 
type_1_num: 670; type_2_num: 609
92, 91, 77, 63, 49, 
49, 63, 64, 78, 92, 
type_1_num: 671; type_2_num: 609
93, 94, 95, 81, 
81, 80, 94, 93, 
type_1_num: 672; type_2_num: 609
94, 95, 81, 67, 
67, 81, 95, 94, 
type_1_num: 673; type_2_num: 609
98, 99, 100, 101, 115, 
101, 100, 99, 98, 112, 126, 140, 
140, 126, 112, 113, 99, 100, 101, 
type_1_num: 674; type_2_num: 609
104, 118, 132, 131, 130, 
130, 116, 117, 118, 104, 
type_1_num: 675; type_2_num: 609
105, 104, 90, 
90, 91, 105, 
type_1_num: 676; type_2_num: 609
106, 105, 104, 103, 117, 
117, 103, 104, 105, 106, 
type_1_num: 677; type_2_num: 609
109, 110, 124, 138, 
138, 137, 123, 109, 
type_1_num: 678; type_2_num: 609
110, 124, 138, 139, 
139, 125, 124, 110, 
type_1_num: 679; type_2_num: 609
112, 98, 84, 85, 86, 72, 
116, 117, 118, 119, 133, 
133, 132, 118, 117, 116, 
type_1_num: 680; type_2_num: 609
118, 104, 105, 
105, 104, 118, 
type_1_num: 681; type_2_num: 609
119, 118, 117, 131, 130, 
130, 131, 132, 133, 119, 
type_1_num: 682; type_2_num: 609
120, 119, 105, 91, 77, 
77, 78, 92, 106, 120, 
type_1_num: 683; type_2_num: 609
125, 139, 153, 167, 166, 
166, 167, 153, 139, 125, 
type_1_num: 684; type_2_num: 609
126, 127, 141, 142, 143, 
143, 142, 141, 127, 126, 
127, 141, 142, 156, 157, 158, 
128, 142, 143, 144, 
130, 131, 145, 146, 
146, 145, 131, 130, 
131, 145, 146, 147, 148, 
132, 133, 134, 148, 
148, 147, 146, 132, 
148, 147, 146, 132, 
type_1_num: 684; type_2_num: 610
138, 139, 125, 111, 
111, 110, 124, 138, 
111, 125, 139, 138, 
type_1_num: 684; type_2_num: 611
139, 138, 152, 151, 
151, 152, 153, 139, 
151, 152, 153, 139, 
type_1_num: 684; type_2_num: 612
141, 142, 128, 
128, 127, 141, 
128, 127, 141, 
type_1_num: 684; type_2_num: 613
146, 147, 133, 119, 
119, 133, 147, 146, 
119, 118, 132, 146, 
type_1_num: 684; type_2_num: 614
147, 146, 132, 118, 
148, 134, 120, 106, 107, 108, 109, 
149, 163, 162, 161, 
161, 162, 163, 149, 
161, 162, 163, 149, 
type_1_num: 684; type_2_num: 615
151, 152, 153, 167, 
167, 166, 165, 151, 
167, 166, 165, 151, 
type_1_num: 684; type_2_num: 616
152, 151, 150, 149, 135, 
135, 149, 150, 151, 152, 
153, 152, 151, 137, 123, 
155, 156, 142, 143, 144, 130, 
156, 157, 158, 159, 145, 131, 
157, 158, 144, 
144, 143, 157, 
144, 143, 157, 
type_1_num: 684; type_2_num: 617
159, 160, 161, 147, 148, 
148, 162, 161, 160, 159, 
148, 147, 161, 160, 159, 
type_1_num: 684; type_2_num: 618
160, 159, 158, 144, 
144, 145, 146, 160, 
161, 160, 146, 132, 118, 
118, 132, 146, 160, 161, 
118, 132, 146, 160, 161, 
type_1_num: 684; type_2_num: 619
162, 163, 164, 150, 
150, 149, 163, 162, 
163, 162, 161, 147, 133, 
133, 147, 161, 162, 163, 
133, 147, 148, 149, 163, 
type_1_num: 684; type_2_num: 620
164, 165, 166, 167, 153, 139, 125, 
125, 139, 153, 167, 166, 165, 164, 
125, 139, 153, 167, 166, 165, 164, 
type_1_num: 684; type_2_num: 621
166, 167, 153, 139, 
139, 153, 152, 166, 
139, 153, 152, 166, 
type_1_num: 684; type_2_num: 622
167, 166, 152, 138, 124, 
124, 138, 152, 166, 167, 
0, 14, 28, 29, 
29, 28, 14, 0, 
type_1_num: 685; type_2_num: 622
1, 2, 3, 17, 
17, 16, 2, 1, 
type_1_num: 686; type_2_num: 622
2, 3, 17, 31, 
3, 4, 5, 6, 20, 
20, 6, 5, 4, 3, 
type_1_num: 687; type_2_num: 622
5, 19, 33, 32, 46, 
6, 7, 8, 9, 23, 37, 51, 
51, 37, 23, 22, 21, 20, 6, 
type_1_num: 688; type_2_num: 622
7, 21, 35, 34, 
34, 35, 21, 7, 
type_1_num: 689; type_2_num: 622
8, 7, 6, 20, 34, 
34, 20, 21, 22, 8, 
type_1_num: 690; type_2_num: 622
9, 8, 7, 21, 35, 49, 
49, 35, 21, 22, 23, 9, 
type_1_num: 691; type_2_num: 622
10, 11, 12, 26, 40, 41, 55, 
55, 54, 40, 26, 25, 11, 10, 
type_1_num: 692; type_2_num: 622
11, 10, 9, 8, 22, 36, 50, 
50, 36, 22, 23, 9, 10, 11, 
type_1_num: 693; type_2_num: 622
14, 28, 42, 43, 57, 
57, 56, 42, 28, 14, 
type_1_num: 694; type_2_num: 622
16, 15, 29, 
29, 15, 16, 
type_1_num: 695; type_2_num: 622
17, 16, 30, 44, 
44, 30, 16, 17, 
type_1_num: 696; type_2_num: 622
19, 20, 34, 48, 62, 
20, 34, 48, 62, 61, 60, 
21, 35, 49, 63, 62, 
62, 63, 49, 35, 21, 
type_1_num: 697; type_2_num: 622
22, 21, 35, 49, 63, 
63, 49, 35, 21, 22, 
type_1_num: 698; type_2_num: 622
23, 24, 25, 26, 40, 54, 
24, 23, 22, 36, 
36, 37, 23, 24, 
type_1_num: 699; type_2_num: 622
25, 26, 40, 54, 
54, 40, 26, 25, 
type_1_num: 700; type_2_num: 622
26, 25, 24, 23, 37, 51, 65, 
27, 41, 40, 54, 68, 67, 
28, 29, 30, 16, 2, 3, 
3, 2, 1, 0, 14, 28, 
type_1_num: 701; type_2_num: 622
32, 18, 4, 3, 2, 
2, 16, 17, 18, 32, 
type_1_num: 702; type_2_num: 622
34, 20, 19, 5, 
5, 6, 20, 34, 
type_1_num: 703; type_2_num: 622
35, 49, 63, 62, 76, 
76, 77, 63, 49, 35, 
type_1_num: 704; type_2_num: 622
36, 37, 51, 65, 66, 
40, 41, 55, 69, 83, 
83, 69, 68, 54, 40, 
type_1_num: 705; type_2_num: 622
41, 55, 69, 68, 82, 
82, 83, 69, 55, 41, 
type_1_num: 706; type_2_num: 622
42, 56, 57, 58, 
44, 30, 29, 
29, 43, 44, 
29, 30, 44, 
type_1_num: 706; type_2_num: 623
48, 34, 33, 32, 31, 17, 
17, 18, 19, 20, 34, 48, 
49, 50, 51, 37, 
37, 36, 35, 49, 
37, 36, 35, 49, 
type_1_num: 706; type_2_num: 624
50, 64, 78, 79, 93, 94, 
55, 69, 68, 67, 66, 
56, 42, 28, 14, 15, 16, 17, 
57, 56, 42, 28, 
28, 42, 43, 57, 
28, 42, 43, 57, 
type_1_num: 706; type_2_num: 625
58, 59, 60, 46, 
61, 60, 46, 32, 
32, 46, 60, 61, 
63, 64, 78, 79, 93, 107, 
107, 106, 105, 91, 77, 63, 
107, 106, 105, 91, 77, 63, 
type_1_num: 706; type_2_num: 626
64, 50, 51, 
51, 50, 64, 
68, 82, 81, 95, 109, 
69, 68, 54, 40, 
40, 41, 55, 69, 
40, 41, 55, 69, 
type_1_num: 706; type_2_num: 627
70, 71, 85, 86, 87, 101, 
101, 100, 86, 85, 84, 70, 
101, 100, 99, 98, 84, 70, 
type_1_num: 706; type_2_num: 628
72, 71, 85, 
85, 86, 72, 
73, 87, 86, 100, 114, 
75, 74, 73, 87, 
87, 88, 89, 75, 
76, 90, 89, 88, 87, 
87, 88, 89, 90, 76, 
79, 93, 92, 106, 
106, 107, 93, 79, 
106, 92, 93, 79, 
type_1_num: 706; type_2_num: 629
81, 95, 94, 108, 
83, 69, 68, 67, 66, 
86, 100, 114, 113, 112, 
112, 98, 84, 85, 86, 
type_1_num: 707; type_2_num: 629
87, 88, 89, 103, 117, 
88, 87, 86, 100, 114, 
89, 103, 102, 101, 
101, 102, 88, 89, 
type_1_num: 708; type_2_num: 629
92, 91, 90, 89, 103, 117, 
93, 92, 91, 90, 104, 
104, 105, 91, 92, 93, 
type_1_num: 709; type_2_num: 629
95, 96, 97, 111, 125, 139, 
139, 125, 111, 97, 96, 95, 
type_1_num: 710; type_2_num: 629
96, 110, 111, 125, 
125, 111, 110, 96, 
type_1_num: 711; type_2_num: 629
97, 83, 82, 68, 54, 
54, 55, 69, 83, 97, 
type_1_num: 712; type_2_num: 629
98, 99, 113, 127, 141, 142, 
142, 141, 127, 113, 112, 98, 
type_1_num: 713; type_2_num: 629
100, 99, 113, 127, 141, 
141, 127, 128, 114, 100, 
type_1_num: 714; type_2_num: 629
102, 116, 117, 
117, 103, 102, 
type_1_num: 715; type_2_num: 629
103, 89, 90, 76, 
76, 90, 104, 103, 
type_1_num: 716; type_2_num: 629
104, 105, 106, 107, 121, 
121, 120, 106, 105, 104, 
type_1_num: 717; type_2_num: 629
108, 94, 95, 96, 82, 
111, 97, 96, 95, 81, 80, 
80, 81, 82, 83, 97, 111, 
type_1_num: 718; type_2_num: 629
119, 133, 147, 148, 149, 
149, 148, 134, 120, 119, 
type_1_num: 719; type_2_num: 629
123, 124, 125, 111, 
111, 110, 124, 123, 
type_1_num: 720; type_2_num: 629
124, 138, 152, 166, 165, 164, 163, 
125, 111, 97, 96, 82, 
82, 83, 97, 111, 125, 
type_1_num: 721; type_2_num: 629
126, 112, 98, 84, 85, 
85, 84, 98, 112, 126, 
85, 84, 98, 112, 126, 
type_1_num: 721; type_2_num: 630
131, 145, 159, 158, 
158, 159, 145, 131, 
133, 119, 105, 91, 92, 93, 
93, 92, 106, 120, 119, 133, 
138, 139, 125, 
125, 124, 138, 
125, 124, 138, 
type_1_num: 721; type_2_num: 631
142, 143, 157, 
157, 156, 142, 
157, 156, 142, 
type_1_num: 721; type_2_num: 632
145, 159, 158, 157, 
157, 158, 159, 145, 
154, 140, 126, 127, 128, 
128, 127, 126, 140, 154, 
128, 127, 126, 140, 154, 
type_1_num: 721; type_2_num: 633
155, 156, 142, 
142, 156, 155, 
142, 141, 155, 
type_1_num: 721; type_2_num: 634
160, 159, 158, 144, 
144, 145, 146, 160, 
161, 162, 163, 164, 150, 
150, 149, 163, 162, 161, 
162, 161, 147, 133, 
164, 163, 162, 148, 
148, 162, 163, 164, 
148, 162, 163, 164, 
type_1_num: 721; type_2_num: 635
166, 152, 138, 137, 
137, 138, 152, 166, 
137, 138, 152, 166, 
type_1_num: 721; type_2_num: 636
167, 166, 152, 151, 
151, 152, 166, 167, 
151, 152, 166, 167, 
type_1_num: 721; type_2_num: 637
0, 14, 15, 29, 30, 
30, 29, 15, 14, 0, 
type_1_num: 722; type_2_num: 637
1, 2, 16, 30, 44, 
2, 16, 17, 
17, 16, 2, 
type_1_num: 723; type_2_num: 637
3, 2, 16, 15, 29, 28, 
28, 29, 15, 16, 2, 3, 
type_1_num: 724; type_2_num: 637
5, 19, 33, 32, 46, 
6, 5, 4, 3, 17, 
17, 18, 19, 20, 6, 
type_1_num: 725; type_2_num: 637
7, 8, 22, 23, 
23, 22, 21, 7, 
type_1_num: 726; type_2_num: 637
8, 9, 10, 11, 25, 
25, 11, 10, 9, 8, 
type_1_num: 727; type_2_num: 637
9, 8, 7, 6, 20, 34, 48, 
48, 34, 35, 36, 22, 23, 9, 
type_1_num: 728; type_2_num: 637
10, 11, 12, 26, 40, 
40, 26, 12, 11, 10, 
type_1_num: 729; type_2_num: 637
11, 10, 9, 23, 22, 
22, 23, 9, 10, 11, 
type_1_num: 730; type_2_num: 637
14, 28, 42, 43, 44, 
18, 19, 5, 6, 7, 
7, 6, 5, 4, 18, 
type_1_num: 731; type_2_num: 637
20, 21, 22, 36, 50, 
50, 36, 22, 21, 20, 
type_1_num: 732; type_2_num: 637
21, 20, 19, 33, 47, 61, 
61, 62, 48, 34, 35, 21, 
type_1_num: 733; type_2_num: 637
23, 24, 25, 26, 12, 
12, 11, 10, 9, 23, 
type_1_num: 734; type_2_num: 637
25, 24, 23, 22, 36, 
36, 22, 23, 24, 25, 
type_1_num: 735; type_2_num: 637
26, 27, 13, 
13, 12, 26, 
type_1_num: 736; type_2_num: 637
27, 41, 55, 69, 68, 
68, 54, 40, 26, 27, 
type_1_num: 737; type_2_num: 637
28, 14, 15, 1, 2, 3, 
3, 2, 1, 0, 14, 28, 
type_1_num: 738; type_2_num: 637
30, 16, 15, 1, 0, 
0, 1, 2, 16, 30, 
type_1_num: 739; type_2_num: 637
32, 33, 47, 48, 62, 
34, 20, 19, 
19, 20, 34, 
type_1_num: 740; type_2_num: 637
35, 49, 48, 
48, 34, 35, 
type_1_num: 741; type_2_num: 637
37, 36, 22, 
22, 23, 37, 
type_1_num: 742; type_2_num: 637
39, 25, 26, 27, 
27, 41, 40, 39, 
type_1_num: 743; type_2_num: 637
41, 55, 69, 68, 67, 
67, 68, 69, 55, 41, 
type_1_num: 744; type_2_num: 637
42, 28, 29, 15, 1, 
1, 0, 14, 28, 42, 
1, 0, 14, 28, 42, 
type_1_num: 744; type_2_num: 638
43, 57, 56, 
56, 42, 43, 
56, 57, 43, 
type_1_num: 744; type_2_num: 639
44, 43, 42, 56, 
56, 42, 43, 44, 
47, 61, 62, 63, 
63, 62, 48, 47, 
48, 34, 33, 32, 
32, 33, 34, 48, 
50, 51, 65, 
55, 41, 27, 13, 12, 11, 
11, 12, 13, 27, 41, 55, 
11, 12, 13, 27, 41, 55, 
type_1_num: 744; type_2_num: 640
56, 57, 71, 72, 86, 
86, 85, 84, 70, 56, 
57, 43, 42, 
42, 56, 57, 
42, 43, 57, 
type_1_num: 744; type_2_num: 641
58, 59, 73, 87, 
87, 86, 72, 58, 
59, 60, 46, 47, 48, 
61, 75, 74, 
62, 48, 34, 33, 32, 31, 17, 
63, 49, 50, 
50, 49, 63, 
50, 64, 63, 
type_1_num: 744; type_2_num: 642
68, 82, 96, 97, 111, 
111, 110, 96, 82, 68, 
111, 110, 96, 82, 68, 
type_1_num: 744; type_2_num: 643
70, 71, 57, 
57, 56, 70, 
57, 56, 70, 
type_1_num: 744; type_2_num: 644
73, 74, 60, 46, 
77, 76, 62, 61, 
61, 62, 76, 77, 
61, 62, 76, 77, 
type_1_num: 744; type_2_num: 645
82, 83, 97, 
97, 96, 82, 
97, 96, 82, 
type_1_num: 744; type_2_num: 646
83, 69, 68, 54, 
54, 55, 69, 83, 
85, 71, 57, 58, 59, 
88, 74, 60, 46, 47, 
89, 90, 91, 92, 106, 120, 134, 
134, 120, 119, 105, 104, 103, 89, 
type_1_num: 745; type_2_num: 646
90, 76, 77, 78, 
78, 77, 91, 90, 
type_1_num: 746; type_2_num: 646
91, 77, 76, 
76, 77, 91, 
type_1_num: 747; type_2_num: 646
92, 91, 90, 89, 103, 117, 
94, 93, 79, 
100, 99, 113, 
113, 99, 100, 
type_1_num: 748; type_2_num: 646
103, 104, 90, 76, 62, 
62, 76, 90, 104, 103, 
type_1_num: 749; type_2_num: 646
104, 90, 91, 92, 
92, 91, 90, 104, 
type_1_num: 750; type_2_num: 646
106, 105, 91, 90, 76, 
76, 77, 91, 92, 106, 
type_1_num: 751; type_2_num: 646
111, 110, 124, 
124, 125, 111, 
type_1_num: 752; type_2_num: 646
112, 126, 140, 154, 155, 
155, 154, 140, 126, 112, 
type_1_num: 753; type_2_num: 646
113, 112, 98, 
98, 112, 113, 
type_1_num: 754; type_2_num: 646
117, 103, 102, 101, 
119, 118, 104, 103, 89, 75, 74, 
127, 141, 155, 156, 157, 
140, 126, 112, 113, 
141, 140, 126, 112, 98, 
98, 112, 126, 127, 141, 
98, 112, 126, 140, 141, 
type_1_num: 754; type_2_num: 647
149, 163, 164, 
164, 150, 149, 
164, 150, 149, 
type_1_num: 754; type_2_num: 648
154, 155, 141, 
141, 155, 154, 
141, 140, 154, 
type_1_num: 754; type_2_num: 649
160, 146, 145, 131, 
131, 145, 146, 160, 
131, 145, 146, 160, 
type_1_num: 754; type_2_num: 650
162, 161, 160, 146, 
146, 160, 161, 162, 
146, 160, 161, 162, 
type_1_num: 754; type_2_num: 651
163, 162, 161, 147, 
147, 161, 162, 163, 
147, 148, 149, 163, 
type_1_num: 754; type_2_num: 652
167, 166, 165, 151, 
1, 2, 16, 30, 31, 
2, 16, 30, 31, 
16, 30, 31, 
0, 14, 15, 16, 30, 
30, 29, 28, 14, 0, 
type_1_num: 755; type_2_num: 652
2, 1, 0, 14, 28, 42, 
42, 28, 29, 15, 16, 2, 
type_1_num: 756; type_2_num: 652
3, 4, 5, 19, 33, 
4, 5, 6, 20, 
20, 6, 5, 4, 
type_1_num: 757; type_2_num: 652
5, 4, 18, 
18, 19, 5, 
type_1_num: 758; type_2_num: 652
6, 5, 19, 
19, 5, 6, 
type_1_num: 759; type_2_num: 652
7, 8, 9, 10, 24, 
24, 10, 9, 8, 7, 
type_1_num: 760; type_2_num: 652
8, 7, 6, 5, 19, 
19, 5, 6, 7, 8, 
type_1_num: 761; type_2_num: 652
9, 8, 7, 21, 20, 
20, 21, 7, 8, 9, 
type_1_num: 762; type_2_num: 652
10, 11, 25, 26, 
26, 12, 11, 10, 
type_1_num: 763; type_2_num: 652
11, 10, 9, 8, 22, 
22, 8, 9, 10, 11, 
type_1_num: 764; type_2_num: 652
13, 12, 26, 25, 24, 
24, 25, 26, 27, 13, 
type_1_num: 765; type_2_num: 652
18, 4, 3, 2, 1, 
1, 2, 3, 4, 18, 
type_1_num: 766; type_2_num: 652
20, 6, 7, 
7, 6, 20, 
type_1_num: 767; type_2_num: 652
21, 20, 19, 18, 32, 
26, 27, 41, 55, 
55, 41, 40, 26, 
type_1_num: 768; type_2_num: 652
29, 30, 16, 17, 18, 
32, 33, 47, 48, 62, 76, 77, 
34, 20, 6, 5, 
5, 6, 20, 34, 
type_1_num: 769; type_2_num: 652
36, 35, 21, 20, 19, 
19, 20, 21, 35, 36, 
type_1_num: 770; type_2_num: 652
37, 36, 22, 21, 
21, 22, 23, 37, 
type_1_num: 771; type_2_num: 652
40, 54, 68, 67, 81, 
41, 55, 69, 83, 82, 
82, 83, 69, 55, 41, 
type_1_num: 772; type_2_num: 652
42, 56, 70, 71, 72, 73, 
55, 41, 40, 39, 25, 11, 
11, 12, 13, 27, 41, 55, 
11, 12, 13, 27, 41, 55, 
type_1_num: 772; type_2_num: 653
60, 74, 75, 
75, 74, 60, 
64, 78, 92, 91, 105, 104, 103, 
103, 104, 105, 91, 77, 63, 64, 
70, 84, 98, 99, 113, 
113, 112, 98, 84, 70, 
74, 60, 46, 47, 
77, 63, 62, 61, 
84, 70, 71, 72, 
72, 71, 70, 84, 
type_1_num: 773; type_2_num: 653
89, 90, 76, 62, 48, 
48, 62, 76, 75, 89, 
type_1_num: 774; type_2_num: 653
90, 91, 92, 93, 107, 121, 
92, 91, 77, 63, 49, 
93, 79, 80, 81, 
81, 95, 94, 93, 
type_1_num: 775; type_2_num: 653
105, 104, 90, 
90, 104, 105, 
type_1_num: 776; type_2_num: 653
118, 119, 105, 
105, 119, 118, 
type_1_num: 777; type_2_num: 653
120, 119, 105, 91, 77, 
149, 148, 162, 161, 
161, 162, 163, 149, 
163, 162, 161, 147, 133, 
166, 167, 153, 139, 
139, 153, 152, 166, 
139, 153, 167, 166, 
type_1_num: 777; type_2_num: 654
0, 14, 28, 29, 
29, 28, 14, 0, 
type_1_num: 778; type_2_num: 654
1, 2, 3, 17, 
3, 4, 5, 6, 20, 
20, 6, 5, 4, 3, 
type_1_num: 779; type_2_num: 654
6, 7, 8, 9, 23, 37, 51, 
7, 6, 20, 34, 
34, 35, 21, 7, 
type_1_num: 780; type_2_num: 654
8, 7, 6, 20, 34, 
34, 20, 6, 7, 8, 
type_1_num: 781; type_2_num: 654
9, 8, 7, 21, 35, 49, 
49, 35, 21, 22, 23, 9, 
type_1_num: 782; type_2_num: 654
10, 11, 12, 26, 40, 54, 55, 
55, 41, 40, 39, 25, 11, 10, 
type_1_num: 783; type_2_num: 654
14, 15, 29, 43, 57, 
16, 15, 29, 
29, 15, 16, 
type_1_num: 784; type_2_num: 654
21, 35, 49, 63, 62, 
25, 26, 40, 54, 
32, 18, 4, 3, 2, 
34, 20, 6, 5, 
5, 6, 20, 34, 
type_1_num: 785; type_2_num: 654
44, 43, 29, 
57, 43, 29, 28, 
28, 29, 43, 57, 
63, 64, 78, 92, 93, 107, 
70, 71, 85, 86, 87, 101, 
86, 85, 99, 98, 112, 
112, 113, 99, 85, 86, 
type_1_num: 786; type_2_num: 654
93, 92, 91, 90, 104, 
104, 105, 91, 92, 93, 
type_1_num: 787; type_2_num: 654
96, 97, 111, 125, 
125, 111, 110, 96, 
type_1_num: 788; type_2_num: 654
98, 112, 113, 127, 141, 142, 
102, 103, 117, 
117, 103, 102, 
type_1_num: 789; type_2_num: 654
103, 89, 90, 76, 
76, 90, 104, 103, 
type_1_num: 790; type_2_num: 654
126, 112, 113, 99, 85, 
142, 143, 157, 
155, 156, 142, 
142, 141, 155, 
142, 141, 155, 
type_1_num: 790; type_2_num: 655
166, 165, 151, 137, 
167, 166, 165, 151, 
0, 1, 15, 29, 30, 
30, 29, 15, 1, 0, 
type_1_num: 791; type_2_num: 655
2, 3, 17, 
3, 2, 1, 0, 14, 28, 
6, 5, 4, 3, 17, 
7, 8, 9, 23, 
23, 9, 8, 7, 
type_1_num: 792; type_2_num: 655
8, 9, 10, 11, 25, 
25, 24, 23, 9, 8, 
type_1_num: 793; type_2_num: 655
10, 11, 12, 26, 40, 
11, 10, 24, 23, 22, 
22, 8, 9, 10, 11, 
type_1_num: 794; type_2_num: 655
18, 19, 5, 6, 7, 
7, 6, 5, 4, 18, 
type_1_num: 795; type_2_num: 655
23, 9, 10, 11, 12, 
12, 11, 10, 9, 23, 
type_1_num: 796; type_2_num: 655
26, 12, 13, 
13, 27, 26, 
type_1_num: 797; type_2_num: 655
30, 16, 15, 14, 0, 
0, 1, 15, 29, 30, 
type_1_num: 798; type_2_num: 655
34, 33, 19, 
19, 33, 34, 
type_1_num: 799; type_2_num: 655
37, 36, 22, 
22, 23, 37, 
type_1_num: 800; type_2_num: 655
39, 25, 26, 27, 
27, 26, 40, 39, 
type_1_num: 801; type_2_num: 655
42, 28, 29, 15, 1, 
1, 15, 14, 28, 42, 
43, 57, 56, 
56, 57, 43, 
55, 41, 27, 26, 25, 11, 
11, 12, 13, 27, 41, 55, 
63, 64, 50, 
50, 64, 63, 
70, 71, 57, 
77, 63, 62, 61, 
82, 83, 97, 
97, 83, 82, 
97, 83, 82, 
type_1_num: 801; type_2_num: 656
90, 91, 92, 78, 
78, 92, 91, 90, 
type_1_num: 802; type_2_num: 656
91, 90, 76, 
76, 90, 91, 
type_1_num: 803; type_2_num: 656
103, 104, 90, 76, 62, 
62, 61, 75, 89, 103, 
type_1_num: 804; type_2_num: 656
104, 105, 106, 92, 
92, 106, 105, 104, 
type_1_num: 805; type_2_num: 656
106, 105, 91, 77, 76, 
111, 110, 124, 
112, 126, 140, 154, 155, 
113, 112, 98, 
98, 99, 113, 
type_1_num: 806; type_2_num: 656
149, 150, 164, 
164, 150, 149, 
154, 155, 141, 
141, 140, 154, 
141, 140, 154, 
type_1_num: 806; type_2_num: 657
162, 161, 160, 146, 
146, 160, 161, 162, 
163, 162, 161, 147, 
4, 5, 6, 20, 
20, 19, 18, 4, 
type_1_num: 807; type_2_num: 657
5, 4, 18, 
18, 4, 5, 
type_1_num: 808; type_2_num: 657
6, 5, 19, 
19, 5, 6, 
type_1_num: 809; type_2_num: 657
7, 8, 9, 10, 24, 
24, 10, 9, 8, 7, 
type_1_num: 810; type_2_num: 657
10, 11, 12, 26, 
26, 12, 11, 10, 
type_1_num: 811; type_2_num: 657
11, 10, 9, 8, 22, 
13, 12, 11, 10, 24, 
20, 21, 7, 
34, 33, 19, 5, 
37, 36, 35, 21, 
55, 41, 27, 26, 25, 11, 
84, 85, 86, 72, 
105, 91, 90, 
90, 91, 105, 
type_1_num: 812; type_2_num: 657
118, 119, 105, 
105, 104, 118, 
type_1_num: 813; type_2_num: 657
166, 167, 153, 139, 
139, 153, 167, 166, 
0, 14, 15, 29, 
29, 28, 14, 0, 
type_1_num: 814; type_2_num: 657
9, 23, 37, 36, 35, 49, 
34, 33, 19, 5, 
102, 116, 117, 
103, 89, 75, 76, 
76, 75, 89, 103, 
type_1_num: 815; type_2_num: 657
155, 156, 142, 
142, 141, 155, 
142, 156, 155, 
type_1_num: 815; type_2_num: 658
7, 8, 22, 23, 
23, 9, 8, 7, 
type_1_num: 816; type_2_num: 658
11, 10, 9, 8, 22, 
26, 12, 13, 
13, 27, 26, 
type_1_num: 817; type_2_num: 658
34, 33, 19, 
37, 36, 22, 
22, 23, 37, 
type_1_num: 818; type_2_num: 658
39, 25, 26, 27, 
27, 26, 25, 39, 
type_1_num: 819; type_2_num: 658
82, 96, 97, 
97, 96, 82, 
91, 90, 76, 
104, 90, 91, 92, 
92, 106, 105, 104, 
type_1_num: 820; type_2_num: 658
113, 99, 98, 
98, 112, 113, 
type_1_num: 821; type_2_num: 658
154, 155, 141, 
141, 155, 154, 
141, 140, 154, 
type_1_num: 821; type_2_num: 659
10, 11, 12, 26, 
26, 12, 11, 10, 
type_1_num: 822; type_2_num: 659
105, 104, 90, 
90, 91, 105, 
type_1_num: 823; type_2_num: 659
118, 119, 105, 
105, 119, 118, 
type_1_num: 824; type_2_num: 659
0, 14, 15, 29, 
29, 28, 14, 0, 
type_1_num: 825; type_2_num: 659
103, 104, 90, 76, 
155, 156, 142, 
7, 21, 22, 23, 
26, 27, 13, 
13, 12, 26, 
type_1_num: 826; type_2_num: 659
37, 23, 22, 
22, 36, 37, 
type_1_num: 827; type_2_num: 659
39, 40, 26, 27, 
27, 26, 40, 39, 
type_1_num: 828; type_2_num: 659
104, 105, 91, 92, 
113, 99, 98, 
98, 112, 113, 
type_1_num: 829; type_2_num: 659
154, 155, 141, 
141, 140, 154, 
141, 155, 154, 
type_1_num: 829; type_2_num: 660
10, 24, 25, 26, 
0, 14, 15, 29, 
29, 28, 14, 0, 
type_1_num: 830; type_2_num: 660
26, 27, 13, 
13, 12, 26, 
type_1_num: 831; type_2_num: 660
37, 36, 22, 
154, 155, 141, 
0, 14, 15, 29, 
29, 15, 14, 0, 
type_1_num: 832; type_2_num: 660
26, 27, 13, 
13, 12, 26, 
type_1_num: 833; type_2_num: 660
26, 27, 13, 
13, 12, 26, 
type_1_num: 834; type_2_num: 660
26, 27, 13, 
13, 12, 26, 
type_1_num: 835; type_2_num: 660
26, 27, 13, 
13, 12, 26, 
type_1_num: 836; type_2_num: 660
26, 27, 13, 
13, 12, 26, 
type_1_num: 837; type_2_num: 660
26, 27, 13, 
13, 12, 26, 
type_1_num: 838; type_2_num: 660
End of routing algorithm. Slot_size: 128
End of inform recording. 

45.7%
