00005235005252000000530000000000000035253500000000000000002300000000000000000000000000000000000052005200000000003500000000000025
00005252420000424200520035003200002400355200520035005224000000000000000000000000002500000000000000004200420000000000003500242300
00005252424242000042420042000034420035000000420042240000420000005200000000350024520000520000000000000000430042000025352424000025
35005252424242424200004242004300523542350035002442254252525242003500425225240053000042000042350025005325235200244234245200240000
00005200424242424242420000434252350042004224002400004225424242434200342442430000000000004200244200242400002400432400432400430000
00005252423542424243424242003535434352244224425200240052422542424224425200524200000000002452432424422534253524000024253200000000
00005252424342354242420042434235322432244353422442423524004342244242420042420042420024000024544224322442240052343432352523420000
25005335434343234300434243254354433445234224255242244542002400524200424242004342344243342552245224422445524235524334544200000042
00455300235423232335252452422300525425343435423400434324324200000042420042424223354234423400344254430042000042432343000000423400
00005400245424352434000054004243340042230000000045342300000045420032004242544242420000420042000000420035004254004200000000000045
00005400242334000000230000232323435400004300000054000035003223003243004500434300434342000043004323002342002300430000432335000000
00005454533535005400355454540053003500000035000000530035540035450053453500000000000000004335540054000054354300000054350000000035
00315200002300000000000013233235210031002300520000320023000032130000002323350053000000230000230000230023000021003500000023320000
13255254425235250000215431352435423154000000215242543545520025354554545252000000352452532425002400543523243553233531542535005245
43000052433443432400000024312300310042002452003500434223340043000000003132434324350024344324000000242432002413003134000000000034
00000052004224000000340024000031123124214200524200240035420031000000320000244235241352243100002424320024134213312500000000003100
00000000244235420000240053523112243442000032422442425235005242003113002442232413422400254224242532240042000024423213000013000013
00255421000000422442001321312442534313124524524245254243423552434354322454234224352442243434422415514221244232525241425235233500
00540000002124150042544254313115314232245242151441423223423542154324005445240024422400324224005142242423422151414142422442421534
00210054145213151315134313431321132413434215434253242342423542544200005452242124132145241345422424544224213542310024134243534542
00430052132313411315132323342324155151310031422454455115154242324235423454244134511431533124345242342415425335244513151531430054
35000054004135213554542524243100531352525314523142005200133500414245425442000035000053340000230024414500352442255335530000520000
00525253313452152524542415522315131513234242135242314251422551521535421342254213135213132435241352131524152452154213315213150043
35355341410014344154000054000041351400310000434300414314413543355341001445004300430054415400130000544134000053154100430000410000
35005235533552155252532331311215213553235235155135235352511500355315002123151553521235235213355313525213251531535235355132231521
00001500415335004224414153312421425435000035425421353223324135533224540035232100325442430013425231003441431321211213412452244535
00001551255213241315432124242152135342000021543542245115421342241521412454252115135142234232152542415300542421311224452400514300
00533400352400432124242424213521324232244253002400214235213442244124522424310000002421124224424100534224242112241324423521533500
00150054210024242424242421541251002445414254422452215423423451544524341543250014541500343245410042242424422431244523541542001200
45255400245424242424242132123224450012151224422442244221521243245115132452252115525221510000422424544224312443242300210021354213
45005400242424242424002131244143410000244224455441244521421442435224132434254300543143420024245245242554431424002400240025215224
45005454545454541554155415151515155415541515455415541551155245544554455425522552255215545445152454425251245134322425245415541515
32005215520013151323132113151300133123212500003525235300005100412321540024212445214221422114255152232442415254142442211552002513
00254500415241240054250021250025242414155221142400000031000014240000542424212400242124451442525414004152004224412400124214004100
00125151001400423400543400242454130013341514433115320032003400310034542434155434341513311313004542150013344254433100231343421524
00005343133100000043003454003100003135000000003513130041134100001334130000000000130013005300003513314300000000431400000013343141
00215251000015000025312115135251000000211515510052525215155100005200150032251500511500005115001300151300211523215115510000005113
00000000413553145324532153531235412435213553533131534142411351355213412400254113005353535312211221352435242412152300521352210024
15005252525252541554155215525254455415152551255225252552254525152554455425522552255215315413544554452424135124234523235442244323
31235115424242424212000051423142415324002400241424412421244224232332542124322445324232423553325324243215242435242421132451244315
00005200000042424242424200000042244224002400240024242421241424422124544224001242002141454242242442002424412424242524001400002324
23130023422323004242414241422400244224422400243424242452243524341342540013420024434200002434424524244124243424341300132124240023
23245224240042322525414224422442241524422442245424005400244200002312314212340041120024451223242442242400342313350024242400242400
00242400425224244345242524422442244324322442244225002452352324422300534223424235243542242454422424004224213100242424352424002424
24155223242442421424141314251441144214251441244254420014144354350043140000452442432424004524243545545413425424240024243524243124
53545454452552544545525425525253535435425453355335415342533552522552523554533554544235545435525235525235545445545435545435545435
00000054355331534521245345323542425113351341533113310021004134214343514242513153533153421553151243435142421531353515535313151200
45000051131513345431001331003541314545000031000000541515005415510000150013434353000013001541135100451500134343000013003131001300
00135252000000005123353500000013000000000023230000530000000000535300312525530000000000002500350000153500150025001323000000000000
00355251424352241525152515511515510051242421311515000015005135133524241252002352001324151515155100310000340000240023130000150000
13135200422442244224322500250000322424240000000000520053355200242400000024424352344100520000001525350000522412240013531313000000
13005214422442244224432441252554543445133500000000232343002424410013143100003143314331005143341331130024312443004335000015353100
13005254455445544554425454255225525252253552355454532524245352523552525235525252353552523553525335245224355252523552355252355253
43131315451300131300235442240023452442424251004234242431002100004343154242421542424215514243522443240051422100424242124215424200
42321300003125322423235400244224352300004545422424420024000000002100132100434342004342423524421442523154523143131542424245423242
45424345245224242445132453542324423123150024245345242145250024150054130013311531004300244242520042004241000043232100004343423542
00432442241454420024000024145200240042242435002454252425243100150000001235000000002412002331434342324200421454000031000031000043
24001453524300243542240023525400411414534124511424145421155215250031353531433514310024314535315200314245435242310052315353310000
00005153212443152415244151150043005100241331143115541235213435430000151521000031241515231500001500431313415151434200004315151400
15005454005114511400310031153100005400310000000000005400450000000035540000351415151400001500000013000000000015131351411500000000
35005215250000002131231300520025001300355200531313000013000000005112125300000013000000003100520031003500353500000000151535350000
00003452430024132400002323343242525252003100430000000000310031000013004243003535132535135200002142003125520000000000351515350031
00001315344324003124240023233152424242434200000052002100001235003500000000433124120000005234422100344332000043002300001312151500
00231200240000242400242413232321524341424213425254254215151535450031351331243152311243155154411543122112004224311500123121004500
00131452432424002424232424242323232541235142432442422315420021155300212400522121324231423535211224122142544221452100242142230024
53001314144224142414142414242424351432005324514224314242240042002424151524242342000042423442541224431342244524455424532435244553
00000031145154422354001414243123250000144200240000425425424224244200242414003515154321124542344531422431344300241314522451320051
00255300123554355243532412241431133252001400420035140042543442422424423113311300243500150045004334000042002400001314353541131345
00135213000042000034425400234252255200414200000042002531004254244242310042003400000000310000153115153524354200310000310000000034
00000000421221134300005442321423434200420012420024004200005400412121414221004112002100312132003135340000003115453135003100121200
45000000541342451500000000544342001500410041144543310051410054540015545300410054004324003513004535000015151500000015000035150045
00000000003500004135310031350000004100000035005300005300000000310000003100000000543553000000000000001300000000000015150000000000
35005253533535215335533515155253352135153535533513131352521353355353003500133535351231350053213231523131355335355300313100353100
21000000422412000012002131151524430051002300000013522152214243525200251531211252210015422415003221422343003200002100002123310000
00235154122541124224004531241515003554355315355224522442314231422442425451525415454254215245545154412542133524421554145335132400
35003514000042540042455423001315150000132332241224425342214224412142514241152142532452421335420024001235244135352341002324530024
35522512000015354500544213350032151514322413244212422442144224422300124224423154214231314242245242002400425354000024243535240013
24151542124200000052000000455100314224232442152124454242244254420042240042425442150021422400424254424215150045242400512415000000
00310053004242420000154221000032241424420024244200232453434235422442004231524342544224122142210042412142422424153554155135352400
15355251155100424242241215412431244215242442212424425231523554453541534100421341144254422442214224124254344242005151120024353515
00003215421500515442424234453413002454423424544200310042420042003100000051000042003124425441244531423145423100424100240045310000
00350053423542000015154142420024351315243542355300420000004242004253005300530000544100315441312135233541530041312441530035005300
00355200520042134235002535544545132435350052004152351342355223424300433500132535005231155254311435005335520024350025310035350035
00000031430043314134413100000054000000310000004300134300144100430041000034000031000035431300430000000035140043340000000000000000
00005251511512210051150012002100311531213551000015001213135100121321131551212112212123322331211521215100215100152121152121002100
00005252425452524500315254004252235415350000150000001325422553541542212424322454244224252441242423525431151524245254242154001325
00005213424242004242313500422431424135003100123500243124312345002424244224232442242424425454245352230041542415525424410000140015
51005252425242424252424254521542123542315213152443240024155224242432242424425424344512512442122425314324315100245242150052135115
00155200424142424242424142411342354142004224421400243500242424422424144231240042313124524224244242245235522400125221414200254100
35005200423542004242424242004135004200244213452442002454542354245342322453420000244500242442422400424224435342240043422400420035
00005200421542524200424242414235322432420024420024004214511412253224314242235442122424000024354243240042422431004324313142000041
00005300430043004342430043414324430045244242240042310021422421244200422412424254144243545300252400425134004542240000353121004221
41005300235223002335214221242353001421003435424123244234243441252524420042354241425300423454310031235241232453354525242132245323
15005451241524432435242454435100240051135100242445152400423434243532231542154215423142003142515451002414433115342424512415544551
00005432240054315414310000005400213115002434003134002135152445001431154213314313410045004100314224310000122154543154313100310021
00315400004113311331000000003400003154000000000034130014130035000013310000410000310000350013140013410034003143001300000000340000
00005235523552000000003253002135210031002300000000000000001515000032123512005200523152511353135200230000000023350000000000000000
13005200420042234100000024422435003114000000230000000000120000001200004142004200420043534300002400411300240000000035000000000000
00003552431443004131240024212342310021002421003521002123003242130000425200234213420043003224002500122413520052250000000000000000
00000052004200002400345424000031544124240000241224241535000000414553002443435152430042542524422124353142122442004200003200000013
00000053354224422535240000523100143435002400242421420035325300000024310000002121004324244224540042210024004343524200425300450000
23000051243234422442005300312342530054325424341300000045523542143100150024241500243432245225425400244225320015150042421243515100
00005400003224450042004254313100314232245245000000323223323541004132242432002413323425244100422445241352415242003131134242425435
00000035140013421300134313431300132413434200432153242342423542005454004224004200242442001534122442510023004223424131000053434345
15150052135213311342130023352324151321312324422454211331524242004235345100422434420031154124315243244215245113421242510000002500
00005200234235410013544224240015240024240014355442005231313541414200420014000041000041240000525400425431423113253543434224522500
00315453432135432100542435425421245400510021512353314223430000210035422142001500151400352100002143000043003441002121342134420043
00000054005154311554150051545441000035540054515300543515415415005154531545354135003154000054531500511551003554541554155100000041
00215231250052002331000023311200210000000035130000235225520000310031002500000051322300000000131213000013003100001300000000000032
25451432432354354215542353312421433232005235525415345225425342533224000053002324523545321312130052420000133200310000233523000024
21003554004513211324430024242152135352454521423542245251421342244215425254240015001341001342254300004343001323425400240053343423
35133500352425242153242424210053254232244253002442214235422442254252421442421212000012002452324121005200240000232441532552242452
00432154341454212424242421003451312400434224422452214124433442124100424342254242424234124500244242002432422424151534002424124300
24001551515424242424242132123224155112242124422442144221525251254245002442254251414242422442003524424124244243530054240000001545
00000051242424242424002131244143413454244224005141244121421442415224412400254151421554424242244200542443150031412435230015212400
15515454545454541554155415151515155415541515455415541551155245544554455425522552255242512442424524425335521354311452252454521515
25000000002113001300132113001300133123120000130023510000133232412132545224312445214224424132544245351242323543521424004223000042
00425254210015255224521500255225242552522145540000515131250024424552544224422452245252452542004200415251424241541542541515422400
00155442411415340013413442242424430054004342233100131435341315310042544334422442324134434253004553421551421343433123514234000041
00005335004100003500003454344300310000005400004331130000000000000000004114310041004345000000433513000041000043540000000000430000
00210052232332510000152100001523000052215200003213520015003135310025525323255153000000130000352315321321351323523552130053510000
00515454004113154524002100141251512413214300433153455342000051145213542443251331153153000054125313240041242115352341004315351324
51135252525252541554155215525254455415152551255225252552254525152554455425522552255252155252155442152454151524151323235151241523
51235115424242424200001532425342411524532432241424412400244224005332545324322445234232424152424224354235245300242413352415245100
15005115000042424242420051004142244224522412244224002451240012422500544224152442210000454242244242412400422424210024002400002324
23000023522323004242414241002400244224422442244224422452523524354342540024422400004200002431424524424224243445541314000024240023
23245224245342002525414224422431241224422442244224420042244343003500244234350042000024420023240042242442411300310000242413242400
00242453425224244300242524422442240024422442244225422443004200002400000000420035244235242442002424314200134100132424002424002424
24005223242442421424145314251441144214251443244214421541510014410000533135352442532424410024244100003131423524241324240024241524
53545454452552544545525425525253535435425453355335415342533552522552523554533554544235545435525235525235545445545435545435545435
00000054525125534531241545353542425213533241130015315113234134134343514242135135310023425213231343431342425251151515311535000052
00415353143541005431353153533135134545435335410000135413530035000035353153434353540000135441435313351353004343431300005300533513
00005200512315153223320052003500351353003551005300231551312100000000532525131553001235003113003100153153155321131323000013001335
15005254420032241225452545004253000000521221125412001224120035520024241200211231123535431253355352121200343100243523133135120000
00135213422442244224422500250000425225243243422543244300435242242442323425420025435242532552425223004243422452240025151313350043
00005214422442244224412445252553145443413514455445232353002424414300144145143543310014434335544143413524432445144100001300000000
13005254455445544554425454255225525252253552355454532524245352523552525235525252353552523553525335245224355252523552355252355253
43131335451300131300235442242353452442424235004234242431252100324343124242420042424235314243002443240021420000424242124253424200
42001300000000122423005454514224532300004545422424423424000021131245212145434342004342420024421400540000003143150042424245421342
00424353351324243542120035545224425335250024245345340045241552005424430052310035314300244242002142320000000012230013004343420042
00430042241400320000004242145200433442242400001500252425000000244251213112234300002412000054434331214241232432004500150000000043
00001400004300355242000000424252411414004135511424145321152415235431422431534514310000314500312400312424433500314200315252310000
00000053355335513512434131005242434331001513243115542524211413235214151543315115525352001324001514141313133523002152413552434300
00130051151500515151004331511515434515315413150034545415311415513131430000001515151543344313005113151500141534131313154351154315
12005252525251155135231321525125355221151552355252152115355252255252355215525212511531355351521521535225521500155215151535511500
00004200414243432435242323345342241352425353354224434335312400434335424200413541414235533112241343142121423541533521411515353500
00152313451324422424240023232400524251254242541352431524150012255121520043420025525212455413524554241500001242240052003100151500
24000000243224242443242424232323521441421200424200244215151400244500122341243142001242414313122441001200005413454300004200132300
00131452542424452424542424242323525241255142452442425315425421150054212445002121004231454254211245122100450021352153252154422452
00411314144224143514142414245335151442412524514235314242245142532424151524243552213135423400421224431342240024322424350024231342
15425353143553420024531435530035535314144253530031425435424224244213242453003415154352125342340042422431344324241345242400253553
00255142121551145242210035350025515252125252423135150042542442422424423112513152000000154245354134234242242452522414351432131300
00130013524142003400424252240031000012424242424342520024004254244241002542254315124200000000412415152424414214004343000025004234
42000000002142134300002442424200000000214243424242244242125400410014412400004112002142422124003124340021003115453100243100000000
15004154211221124234210015004242415413150031431443434200424245001314002100001354004524144343140000540021151513001431000000000015
15005415540000455445410000150000434115000000511500003100430041410054000015000000545100001500151500541500510000000015151500150000
00005200000000212500000015152100000000002100000000002152000000002100000000000000212100000000120000000012000025000000210000000000
00000000425424511515002154151500150024125100151524512112124224515215150051522454510021000015520045121251244551002415005151000025
00000000141542150024000000001515240000250042245224125212244242420052420024521242240000000000001242002442420024000021000000240000
15000051000000244200001200002415151400002400244200422442424225424242244241152442424252520000121524454252244242541200122400250015
00000012002400000000420024420000151554002400000054420042144242452445454224420000214245424242245242005400424100424524421445000000
12002554124251005252545242512545152524002525212100002542004224424215240051425441510021422442424225424215155142242142000042000015
24154551151542421500414214414214240014142424511514510000244200425442421251001542540024122142144242412142422424154200154551004500
15000000000000004242212100425400420024240021210000005400000000450041004541420000244254002142214224424214244245002100410000002415
00000015001521002424424200210042542442542400000000120000000000000000000000002445150024425400244500425442420024420000121224210000
00000000240024240015152442420024004224004200001200000042000000000000000024000000240000005441002100000041244241000041242442420000
00005400242400210054000000544545240000411500420015421215004200000000140000002400150000000054151200002400000000411424000000004242
45455454005400000000000000005400000015000000000041000045450015450000000054000000000000000000000054450000000000540000000000000000
