Slot_size: 64
0, 1, 2, 3, 17, 31, 
31, 30, 29, 28, 14, 0, 
type_1_num: 1; type_2_num: 0
1, 2, 3, 17, 31, 
31, 30, 29, 15, 1, 
type_1_num: 2; type_2_num: 0
2, 3, 17, 31, 
31, 30, 16, 2, 
type_1_num: 3; type_2_num: 0
3, 17, 31, 
31, 17, 3, 
type_1_num: 4; type_2_num: 0
4, 18, 32, 31, 
31, 32, 18, 4, 
type_1_num: 5; type_2_num: 0
5, 4, 3, 17, 31, 
31, 32, 33, 19, 5, 
type_1_num: 6; type_2_num: 0
6, 5, 4, 3, 17, 31, 
31, 32, 33, 34, 20, 6, 
type_1_num: 7; type_2_num: 0
7, 8, 9, 10, 24, 38, 
38, 37, 36, 35, 21, 7, 
type_1_num: 8; type_2_num: 0
8, 9, 10, 24, 38, 
38, 37, 36, 22, 8, 
type_1_num: 9; type_2_num: 0
9, 10, 24, 38, 
38, 37, 23, 9, 
type_1_num: 10; type_2_num: 0
10, 24, 38, 
38, 24, 10, 
type_1_num: 11; type_2_num: 0
11, 25, 39, 38, 
38, 39, 25, 11, 
type_1_num: 12; type_2_num: 0
12, 11, 10, 24, 38, 
38, 39, 40, 26, 12, 
type_1_num: 13; type_2_num: 0
13, 12, 11, 10, 24, 38, 
38, 39, 40, 41, 27, 13, 
type_1_num: 14; type_2_num: 0
14, 15, 16, 17, 31, 
31, 30, 29, 28, 14, 
type_1_num: 15; type_2_num: 0
15, 16, 17, 31, 
31, 30, 29, 15, 
type_1_num: 16; type_2_num: 0
16, 17, 31, 
31, 30, 16, 
type_1_num: 17; type_2_num: 0
17, 31, 
31, 17, 
type_1_num: 18; type_2_num: 0
18, 17, 31, 
31, 32, 18, 
type_1_num: 19; type_2_num: 0
19, 18, 17, 31, 
31, 32, 33, 19, 
type_1_num: 20; type_2_num: 0
20, 19, 18, 17, 31, 
31, 32, 33, 34, 20, 
type_1_num: 21; type_2_num: 0
21, 22, 23, 24, 38, 
38, 37, 36, 35, 21, 
type_1_num: 22; type_2_num: 0
22, 23, 24, 38, 
38, 37, 36, 22, 
type_1_num: 23; type_2_num: 0
23, 24, 38, 
38, 37, 23, 
type_1_num: 24; type_2_num: 0
24, 38, 
38, 24, 
type_1_num: 25; type_2_num: 0
25, 24, 38, 
38, 39, 25, 
type_1_num: 26; type_2_num: 0
26, 25, 24, 38, 
38, 39, 40, 26, 
type_1_num: 27; type_2_num: 0
27, 26, 25, 24, 38, 
38, 39, 40, 41, 27, 
type_1_num: 28; type_2_num: 0
28, 29, 30, 31, 
31, 30, 29, 28, 
type_1_num: 29; type_2_num: 0
29, 30, 31, 
31, 30, 29, 
type_1_num: 30; type_2_num: 0
30, 31, 
31, 30, 
type_1_num: 31; type_2_num: 0
32, 31, 
31, 32, 
type_1_num: 32; type_2_num: 0
33, 32, 31, 
31, 32, 33, 
type_1_num: 33; type_2_num: 0
34, 33, 32, 31, 
31, 32, 33, 34, 
type_1_num: 34; type_2_num: 0
35, 36, 37, 38, 
38, 37, 36, 35, 
type_1_num: 35; type_2_num: 0
36, 37, 38, 
38, 37, 36, 
type_1_num: 36; type_2_num: 0
37, 38, 
38, 37, 
type_1_num: 37; type_2_num: 0
39, 38, 
38, 39, 
type_1_num: 38; type_2_num: 0
40, 39, 38, 
38, 39, 40, 
type_1_num: 39; type_2_num: 0
41, 40, 39, 38, 
38, 39, 40, 41, 
type_1_num: 40; type_2_num: 0
42, 43, 44, 45, 
45, 44, 43, 42, 
45, 44, 43, 42, 
type_1_num: 40; type_2_num: 1
43, 44, 45, 
45, 44, 43, 
45, 44, 43, 
type_1_num: 40; type_2_num: 2
44, 45, 
45, 44, 
45, 44, 
type_1_num: 40; type_2_num: 3
46, 45, 
45, 46, 
45, 46, 
type_1_num: 40; type_2_num: 4
47, 46, 45, 
45, 46, 47, 
45, 46, 47, 
type_1_num: 40; type_2_num: 5
48, 47, 46, 45, 
45, 46, 47, 48, 
45, 46, 47, 48, 
type_1_num: 40; type_2_num: 6
49, 50, 51, 52, 
52, 51, 50, 49, 
52, 51, 50, 49, 
type_1_num: 40; type_2_num: 7
50, 51, 52, 
52, 51, 50, 
52, 51, 50, 
type_1_num: 40; type_2_num: 8
51, 52, 
52, 51, 
52, 51, 
type_1_num: 40; type_2_num: 9
53, 52, 
52, 53, 
52, 53, 
type_1_num: 40; type_2_num: 10
54, 53, 52, 
52, 53, 54, 
52, 53, 54, 
type_1_num: 40; type_2_num: 11
55, 54, 53, 52, 
52, 53, 54, 55, 
52, 53, 54, 55, 
type_1_num: 40; type_2_num: 12
56, 57, 58, 59, 45, 
45, 44, 43, 42, 56, 
45, 44, 43, 42, 56, 
type_1_num: 40; type_2_num: 13
57, 58, 59, 45, 
45, 44, 43, 57, 
45, 44, 43, 57, 
type_1_num: 40; type_2_num: 14
58, 59, 45, 
45, 44, 58, 
45, 44, 58, 
type_1_num: 40; type_2_num: 15
59, 45, 
45, 59, 
45, 59, 
type_1_num: 40; type_2_num: 16
60, 59, 45, 
45, 46, 60, 
45, 46, 60, 
type_1_num: 40; type_2_num: 17
61, 60, 46, 45, 
45, 46, 47, 61, 
45, 46, 47, 61, 
type_1_num: 40; type_2_num: 18
62, 61, 60, 59, 45, 
45, 46, 47, 48, 62, 
45, 46, 47, 48, 62, 
type_1_num: 40; type_2_num: 19
63, 64, 65, 66, 52, 
52, 51, 50, 49, 63, 
52, 51, 50, 49, 63, 
type_1_num: 40; type_2_num: 20
64, 65, 66, 52, 
52, 51, 50, 64, 
52, 51, 50, 64, 
type_1_num: 40; type_2_num: 21
65, 66, 52, 
52, 51, 65, 
52, 51, 65, 
type_1_num: 40; type_2_num: 22
66, 52, 
52, 66, 
52, 66, 
type_1_num: 40; type_2_num: 23
67, 66, 52, 
52, 53, 67, 
52, 53, 67, 
type_1_num: 40; type_2_num: 24
68, 67, 53, 52, 
52, 53, 54, 68, 
52, 53, 54, 68, 
type_1_num: 40; type_2_num: 25
69, 68, 67, 66, 52, 
52, 53, 54, 55, 69, 
52, 53, 54, 55, 69, 
type_1_num: 40; type_2_num: 26
70, 71, 72, 73, 59, 45, 
45, 44, 43, 42, 56, 70, 
45, 44, 43, 42, 56, 70, 
type_1_num: 40; type_2_num: 27
71, 72, 73, 59, 45, 
45, 44, 43, 57, 71, 
45, 44, 43, 57, 71, 
type_1_num: 40; type_2_num: 28
72, 73, 59, 45, 
45, 44, 58, 72, 
45, 44, 58, 72, 
type_1_num: 40; type_2_num: 29
73, 59, 45, 
45, 59, 73, 
45, 59, 73, 
type_1_num: 40; type_2_num: 30
74, 73, 59, 45, 
45, 46, 60, 74, 
45, 46, 60, 74, 
type_1_num: 40; type_2_num: 31
75, 74, 60, 46, 45, 
45, 46, 47, 61, 75, 
45, 46, 47, 61, 75, 
type_1_num: 40; type_2_num: 32
76, 75, 74, 60, 59, 45, 
45, 46, 47, 48, 62, 76, 
45, 46, 47, 48, 62, 76, 
type_1_num: 40; type_2_num: 33
77, 78, 79, 80, 66, 52, 
52, 51, 50, 49, 63, 77, 
52, 51, 50, 49, 63, 77, 
type_1_num: 40; type_2_num: 34
78, 79, 80, 66, 52, 
52, 51, 50, 64, 78, 
52, 51, 50, 64, 78, 
type_1_num: 40; type_2_num: 35
79, 80, 66, 52, 
52, 51, 65, 79, 
52, 51, 65, 79, 
type_1_num: 40; type_2_num: 36
80, 66, 52, 
52, 66, 80, 
52, 66, 80, 
type_1_num: 40; type_2_num: 37
81, 80, 66, 52, 
52, 53, 67, 81, 
52, 53, 67, 81, 
type_1_num: 40; type_2_num: 38
82, 81, 67, 53, 52, 
52, 53, 54, 68, 82, 
52, 53, 54, 68, 82, 
type_1_num: 40; type_2_num: 39
83, 82, 81, 67, 66, 52, 
52, 53, 54, 55, 69, 83, 
52, 53, 54, 55, 69, 83, 
type_1_num: 40; type_2_num: 40
84, 85, 86, 87, 101, 115, 
115, 114, 113, 112, 98, 84, 
type_1_num: 41; type_2_num: 40
85, 86, 87, 101, 115, 
115, 114, 113, 99, 85, 
type_1_num: 42; type_2_num: 40
86, 87, 101, 115, 
115, 114, 100, 86, 
type_1_num: 43; type_2_num: 40
87, 101, 115, 
115, 101, 87, 
type_1_num: 44; type_2_num: 40
88, 102, 116, 115, 
115, 116, 102, 88, 
type_1_num: 45; type_2_num: 40
89, 88, 87, 101, 115, 
115, 116, 117, 103, 89, 
type_1_num: 46; type_2_num: 40
90, 89, 88, 87, 101, 115, 
115, 116, 117, 118, 104, 90, 
type_1_num: 47; type_2_num: 40
91, 92, 93, 94, 108, 122, 
122, 121, 120, 119, 105, 91, 
type_1_num: 48; type_2_num: 40
92, 93, 94, 108, 122, 
122, 121, 120, 106, 92, 
type_1_num: 49; type_2_num: 40
93, 94, 108, 122, 
122, 121, 107, 93, 
type_1_num: 50; type_2_num: 40
94, 108, 122, 
122, 108, 94, 
type_1_num: 51; type_2_num: 40
95, 109, 123, 122, 
122, 123, 109, 95, 
type_1_num: 52; type_2_num: 40
96, 95, 94, 108, 122, 
122, 123, 124, 110, 96, 
type_1_num: 53; type_2_num: 40
97, 96, 95, 94, 108, 122, 
122, 123, 124, 125, 111, 97, 
type_1_num: 54; type_2_num: 40
98, 99, 100, 101, 115, 
115, 114, 113, 112, 98, 
type_1_num: 55; type_2_num: 40
99, 100, 101, 115, 
115, 114, 113, 99, 
type_1_num: 56; type_2_num: 40
100, 101, 115, 
115, 114, 100, 
type_1_num: 57; type_2_num: 40
101, 115, 
115, 101, 
type_1_num: 58; type_2_num: 40
102, 101, 115, 
115, 116, 102, 
type_1_num: 59; type_2_num: 40
103, 102, 101, 115, 
115, 116, 117, 103, 
type_1_num: 60; type_2_num: 40
104, 103, 102, 101, 115, 
115, 116, 117, 118, 104, 
type_1_num: 61; type_2_num: 40
105, 106, 107, 108, 122, 
122, 121, 120, 119, 105, 
type_1_num: 62; type_2_num: 40
106, 107, 108, 122, 
122, 121, 120, 106, 
type_1_num: 63; type_2_num: 40
107, 108, 122, 
122, 121, 107, 
type_1_num: 64; type_2_num: 40
108, 122, 
122, 108, 
type_1_num: 65; type_2_num: 40
109, 108, 122, 
122, 123, 109, 
type_1_num: 66; type_2_num: 40
110, 109, 108, 122, 
122, 123, 124, 110, 
type_1_num: 67; type_2_num: 40
111, 110, 109, 108, 122, 
122, 123, 124, 125, 111, 
type_1_num: 68; type_2_num: 40
112, 113, 114, 115, 
115, 114, 113, 112, 
type_1_num: 69; type_2_num: 40
113, 114, 115, 
115, 114, 113, 
type_1_num: 70; type_2_num: 40
114, 115, 
115, 114, 
type_1_num: 71; type_2_num: 40
116, 115, 
115, 116, 
type_1_num: 72; type_2_num: 40
117, 116, 115, 
115, 116, 117, 
type_1_num: 73; type_2_num: 40
118, 117, 116, 115, 
115, 116, 117, 118, 
type_1_num: 74; type_2_num: 40
119, 120, 121, 122, 
122, 121, 120, 119, 
type_1_num: 75; type_2_num: 40
120, 121, 122, 
122, 121, 120, 
type_1_num: 76; type_2_num: 40
121, 122, 
122, 121, 
type_1_num: 77; type_2_num: 40
123, 122, 
122, 123, 
type_1_num: 78; type_2_num: 40
124, 123, 122, 
122, 123, 124, 
type_1_num: 79; type_2_num: 40
125, 124, 123, 122, 
122, 123, 124, 125, 
type_1_num: 80; type_2_num: 40
126, 127, 128, 129, 
129, 128, 127, 126, 
129, 128, 127, 126, 
type_1_num: 80; type_2_num: 41
127, 128, 129, 
129, 128, 127, 
129, 128, 127, 
type_1_num: 80; type_2_num: 42
128, 129, 
129, 128, 
129, 128, 
type_1_num: 80; type_2_num: 43
130, 129, 
129, 130, 
129, 130, 
type_1_num: 80; type_2_num: 44
131, 130, 129, 
129, 130, 131, 
129, 130, 131, 
type_1_num: 80; type_2_num: 45
132, 131, 130, 129, 
129, 130, 131, 132, 
129, 130, 131, 132, 
type_1_num: 80; type_2_num: 46
133, 134, 135, 136, 
136, 135, 134, 133, 
136, 135, 134, 133, 
type_1_num: 80; type_2_num: 47
134, 135, 136, 
136, 135, 134, 
136, 135, 134, 
type_1_num: 80; type_2_num: 48
135, 136, 
136, 135, 
136, 135, 
type_1_num: 80; type_2_num: 49
137, 136, 
136, 137, 
136, 137, 
type_1_num: 80; type_2_num: 50
138, 137, 136, 
136, 137, 138, 
136, 137, 138, 
type_1_num: 80; type_2_num: 51
139, 138, 137, 136, 
136, 137, 138, 139, 
136, 137, 138, 139, 
type_1_num: 80; type_2_num: 52
140, 141, 142, 143, 129, 
129, 128, 127, 126, 140, 
129, 128, 127, 126, 140, 
type_1_num: 80; type_2_num: 53
141, 142, 143, 129, 
129, 128, 127, 141, 
129, 128, 127, 141, 
type_1_num: 80; type_2_num: 54
142, 143, 129, 
129, 128, 142, 
129, 128, 142, 
type_1_num: 80; type_2_num: 55
143, 129, 
129, 143, 
129, 143, 
type_1_num: 80; type_2_num: 56
144, 143, 129, 
129, 130, 144, 
129, 130, 144, 
type_1_num: 80; type_2_num: 57
145, 144, 130, 129, 
129, 130, 131, 145, 
129, 130, 131, 145, 
type_1_num: 80; type_2_num: 58
146, 145, 144, 143, 129, 
129, 130, 131, 132, 146, 
129, 130, 131, 132, 146, 
type_1_num: 80; type_2_num: 59
147, 148, 149, 150, 136, 
136, 135, 134, 133, 147, 
136, 135, 134, 133, 147, 
type_1_num: 80; type_2_num: 60
148, 149, 150, 136, 
136, 135, 134, 148, 
136, 135, 134, 148, 
type_1_num: 80; type_2_num: 61
149, 150, 136, 
136, 135, 149, 
136, 135, 149, 
type_1_num: 80; type_2_num: 62
150, 136, 
136, 150, 
136, 150, 
type_1_num: 80; type_2_num: 63
151, 150, 136, 
136, 137, 151, 
136, 137, 151, 
type_1_num: 80; type_2_num: 64
152, 151, 137, 136, 
136, 137, 138, 152, 
136, 137, 138, 152, 
type_1_num: 80; type_2_num: 65
153, 152, 151, 150, 136, 
136, 137, 138, 139, 153, 
136, 137, 138, 139, 153, 
type_1_num: 80; type_2_num: 66
154, 155, 156, 157, 143, 129, 
129, 128, 127, 126, 140, 154, 
129, 128, 127, 126, 140, 154, 
type_1_num: 80; type_2_num: 67
155, 156, 157, 143, 129, 
129, 128, 127, 141, 155, 
129, 128, 127, 141, 155, 
type_1_num: 80; type_2_num: 68
156, 157, 143, 129, 
129, 128, 142, 156, 
129, 128, 142, 156, 
type_1_num: 80; type_2_num: 69
157, 143, 129, 
129, 143, 157, 
129, 143, 157, 
type_1_num: 80; type_2_num: 70
158, 157, 143, 129, 
129, 130, 144, 158, 
129, 130, 144, 158, 
type_1_num: 80; type_2_num: 71
159, 158, 144, 130, 129, 
129, 130, 131, 145, 159, 
129, 130, 131, 145, 159, 
type_1_num: 80; type_2_num: 72
160, 159, 158, 144, 143, 129, 
129, 130, 131, 132, 146, 160, 
129, 130, 131, 132, 146, 160, 
type_1_num: 80; type_2_num: 73
161, 162, 163, 164, 150, 136, 
136, 135, 134, 133, 147, 161, 
136, 135, 134, 133, 147, 161, 
type_1_num: 80; type_2_num: 74
162, 163, 164, 150, 136, 
136, 135, 134, 148, 162, 
136, 135, 134, 148, 162, 
type_1_num: 80; type_2_num: 75
163, 164, 150, 136, 
136, 135, 149, 163, 
136, 135, 149, 163, 
type_1_num: 80; type_2_num: 76
164, 150, 136, 
136, 150, 164, 
136, 150, 164, 
type_1_num: 80; type_2_num: 77
165, 164, 150, 136, 
136, 137, 151, 165, 
136, 137, 151, 165, 
type_1_num: 80; type_2_num: 78
166, 165, 151, 137, 136, 
136, 137, 138, 152, 166, 
136, 137, 138, 152, 166, 
type_1_num: 80; type_2_num: 79
167, 166, 165, 151, 150, 136, 
136, 137, 138, 139, 153, 167, 
136, 137, 138, 139, 153, 167, 
type_1_num: 80; type_2_num: 80
0, 1, 2, 16, 30, 
30, 29, 15, 1, 0, 
type_1_num: 81; type_2_num: 80
1, 2, 3, 17, 31, 
31, 30, 29, 15, 1, 
type_1_num: 82; type_2_num: 80
2, 16, 15, 14, 28, 42, 
42, 28, 29, 15, 16, 2, 
type_1_num: 83; type_2_num: 80
3, 17, 18, 19, 33, 
33, 19, 5, 4, 3, 
type_1_num: 84; type_2_num: 80
4, 5, 6, 20, 
20, 19, 18, 4, 
type_1_num: 85; type_2_num: 80
5, 4, 18, 
18, 4, 5, 
type_1_num: 86; type_2_num: 80
6, 5, 19, 
19, 20, 6, 
type_1_num: 87; type_2_num: 80
7, 8, 9, 23, 24, 
24, 23, 22, 8, 7, 
type_1_num: 88; type_2_num: 80
8, 7, 21, 20, 19, 
19, 20, 21, 22, 8, 
type_1_num: 89; type_2_num: 80
9, 23, 22, 21, 20, 
20, 21, 7, 8, 9, 
type_1_num: 90; type_2_num: 80
10, 24, 25, 26, 
26, 12, 11, 10, 
type_1_num: 91; type_2_num: 80
11, 10, 9, 8, 22, 
22, 23, 9, 10, 11, 
type_1_num: 92; type_2_num: 80
12, 11, 25, 39, 53, 
53, 54, 40, 26, 12, 
type_1_num: 93; type_2_num: 80
13, 12, 26, 25, 24, 
24, 25, 26, 27, 13, 
type_1_num: 94; type_2_num: 80
14, 15, 16, 30, 44, 
44, 43, 42, 28, 14, 
type_1_num: 95; type_2_num: 80
15, 16, 30, 44, 58, 59, 
59, 58, 57, 43, 29, 15, 
type_1_num: 96; type_2_num: 80
16, 17, 18, 19, 33, 47, 
47, 46, 32, 18, 17, 16, 
type_1_num: 97; type_2_num: 80
17, 16, 15, 29, 43, 57, 
57, 43, 29, 15, 16, 17, 
type_1_num: 98; type_2_num: 80
18, 4, 3, 2, 1, 
1, 2, 3, 4, 18, 
type_1_num: 99; type_2_num: 80
19, 33, 34, 48, 49, 50, 
50, 49, 48, 47, 33, 19, 
type_1_num: 100; type_2_num: 80
20, 21, 7, 
7, 6, 20, 
type_1_num: 101; type_2_num: 80
21, 35, 34, 33, 32, 
32, 33, 34, 35, 21, 
type_1_num: 102; type_2_num: 80
22, 36, 35, 49, 63, 
63, 64, 50, 36, 22, 
type_1_num: 103; type_2_num: 80
23, 37, 51, 65, 66, 67, 68, 
68, 67, 66, 65, 51, 37, 23, 
type_1_num: 104; type_2_num: 80
24, 25, 39, 53, 
53, 39, 25, 24, 
type_1_num: 105; type_2_num: 80
25, 39, 53, 67, 66, 
66, 67, 53, 39, 25, 
type_1_num: 106; type_2_num: 80
26, 27, 41, 55, 
55, 54, 40, 26, 
type_1_num: 107; type_2_num: 80
27, 41, 40, 54, 53, 
53, 54, 55, 41, 27, 
type_1_num: 108; type_2_num: 80
28, 42, 56, 57, 58, 72, 
72, 71, 70, 56, 42, 28, 
type_1_num: 109; type_2_num: 80
29, 30, 16, 17, 18, 
18, 17, 16, 30, 29, 
type_1_num: 110; type_2_num: 80
30, 44, 58, 59, 60, 61, 75, 
75, 74, 73, 72, 58, 44, 30, 
type_1_num: 111; type_2_num: 80
32, 46, 47, 61, 62, 76, 77, 
77, 63, 62, 61, 47, 33, 32, 
type_1_num: 112; type_2_num: 80
33, 32, 46, 60, 59, 
59, 60, 46, 32, 33, 
type_1_num: 113; type_2_num: 80
34, 20, 6, 5, 
5, 6, 20, 34, 
type_1_num: 114; type_2_num: 80
35, 49, 63, 64, 65, 79, 
79, 78, 64, 50, 36, 35, 
type_1_num: 115; type_2_num: 80
36, 35, 34, 20, 19, 
19, 20, 21, 22, 36, 
type_1_num: 116; type_2_num: 80
37, 36, 35, 21, 
21, 35, 36, 37, 
type_1_num: 117; type_2_num: 80
39, 53, 67, 66, 65, 79, 
79, 80, 81, 67, 53, 39, 
type_1_num: 118; type_2_num: 80
40, 54, 68, 82, 81, 
81, 82, 68, 54, 40, 
type_1_num: 119; type_2_num: 80
41, 55, 69, 68, 82, 
82, 83, 69, 55, 41, 
type_1_num: 120; type_2_num: 80
42, 56, 57, 58, 59, 73, 
73, 72, 71, 70, 56, 42, 
73, 72, 71, 70, 56, 42, 
type_1_num: 120; type_2_num: 81
43, 57, 58, 59, 60, 74, 
74, 73, 72, 71, 57, 43, 
74, 73, 59, 58, 57, 43, 
type_1_num: 120; type_2_num: 82
44, 58, 72, 86, 87, 
87, 86, 72, 58, 44, 
87, 86, 72, 58, 44, 
type_1_num: 120; type_2_num: 83
46, 32, 18, 4, 3, 2, 1, 
1, 2, 3, 4, 18, 32, 46, 
1, 2, 3, 4, 18, 32, 46, 
type_1_num: 120; type_2_num: 84
47, 33, 19, 5, 4, 3, 
3, 4, 5, 19, 33, 47, 
3, 4, 5, 19, 33, 47, 
type_1_num: 120; type_2_num: 85
48, 47, 46, 60, 74, 
74, 75, 61, 62, 48, 
74, 75, 76, 62, 48, 
type_1_num: 120; type_2_num: 86
49, 63, 64, 78, 79, 80, 94, 
94, 93, 92, 91, 77, 63, 49, 
94, 93, 92, 91, 77, 63, 49, 
type_1_num: 120; type_2_num: 87
50, 49, 48, 34, 
34, 35, 36, 50, 
34, 35, 36, 50, 
type_1_num: 120; type_2_num: 88
51, 65, 66, 67, 68, 82, 96, 
96, 95, 81, 80, 66, 65, 51, 
96, 95, 81, 80, 66, 65, 51, 
type_1_num: 120; type_2_num: 89
53, 39, 25, 24, 23, 
23, 24, 25, 39, 53, 
23, 24, 25, 39, 53, 
type_1_num: 120; type_2_num: 90
54, 53, 39, 25, 24, 
24, 25, 26, 40, 54, 
24, 25, 39, 40, 54, 
type_1_num: 120; type_2_num: 91
55, 41, 40, 26, 12, 11, 
11, 12, 13, 27, 41, 55, 
11, 25, 39, 40, 54, 55, 
type_1_num: 120; type_2_num: 92
56, 57, 58, 59, 73, 87, 
87, 86, 85, 84, 70, 56, 
87, 86, 85, 84, 70, 56, 
type_1_num: 120; type_2_num: 93
57, 58, 59, 73, 
73, 72, 71, 57, 
73, 72, 71, 57, 
type_1_num: 120; type_2_num: 94
58, 57, 71, 85, 
85, 86, 72, 58, 
85, 86, 72, 58, 
type_1_num: 120; type_2_num: 95
59, 73, 72, 71, 85, 
85, 86, 87, 73, 59, 
85, 86, 87, 73, 59, 
type_1_num: 120; type_2_num: 96
60, 61, 75, 
75, 61, 60, 
75, 74, 60, 
type_1_num: 120; type_2_num: 97
61, 75, 76, 77, 78, 92, 106, 
106, 105, 104, 103, 89, 75, 61, 
106, 105, 104, 103, 89, 75, 61, 
type_1_num: 120; type_2_num: 98
62, 76, 90, 89, 88, 102, 101, 
101, 102, 103, 89, 75, 61, 62, 
101, 102, 103, 104, 90, 76, 62, 
type_1_num: 120; type_2_num: 99
63, 77, 78, 79, 80, 
80, 79, 78, 77, 63, 
80, 79, 78, 77, 63, 
type_1_num: 120; type_2_num: 100
64, 63, 62, 61, 75, 89, 103, 
103, 104, 105, 106, 92, 78, 64, 
103, 104, 105, 106, 92, 78, 64, 
type_1_num: 120; type_2_num: 101
65, 51, 37, 38, 39, 
39, 53, 67, 66, 65, 
39, 53, 67, 66, 65, 
type_1_num: 120; type_2_num: 102
66, 80, 81, 95, 109, 
109, 95, 81, 67, 66, 
109, 108, 94, 80, 66, 
type_1_num: 120; type_2_num: 103
67, 81, 80, 79, 
79, 80, 81, 67, 
79, 80, 81, 67, 
type_1_num: 120; type_2_num: 104
68, 67, 66, 80, 94, 108, 
108, 109, 110, 96, 82, 68, 
108, 94, 80, 66, 67, 68, 
type_1_num: 120; type_2_num: 105
69, 83, 97, 111, 110, 
110, 111, 97, 83, 69, 
110, 111, 97, 83, 69, 
type_1_num: 120; type_2_num: 106
70, 84, 85, 99, 113, 
113, 112, 98, 84, 70, 
113, 112, 98, 84, 70, 
type_1_num: 120; type_2_num: 107
71, 85, 99, 100, 114, 
114, 113, 99, 85, 71, 
114, 113, 99, 85, 71, 
type_1_num: 120; type_2_num: 108
72, 86, 87, 88, 89, 
89, 88, 87, 86, 72, 
89, 88, 74, 73, 72, 
type_1_num: 120; type_2_num: 109
73, 72, 71, 57, 43, 42, 28, 
28, 29, 43, 57, 71, 72, 73, 
28, 29, 43, 57, 58, 72, 73, 
type_1_num: 120; type_2_num: 110
74, 60, 61, 47, 
47, 46, 60, 74, 
47, 61, 60, 74, 
type_1_num: 120; type_2_num: 111
75, 74, 88, 87, 86, 100, 114, 
114, 100, 101, 102, 103, 89, 75, 
114, 100, 101, 102, 103, 89, 75, 
type_1_num: 120; type_2_num: 112
76, 90, 89, 88, 87, 
87, 88, 89, 90, 76, 
87, 88, 89, 90, 76, 
type_1_num: 120; type_2_num: 113
77, 76, 75, 61, 
61, 62, 63, 77, 
61, 62, 63, 77, 
type_1_num: 120; type_2_num: 114
78, 79, 80, 94, 108, 122, 
122, 121, 120, 106, 92, 78, 
122, 121, 120, 106, 92, 78, 
type_1_num: 120; type_2_num: 115
79, 65, 51, 37, 38, 
38, 37, 51, 65, 79, 
38, 37, 51, 65, 79, 
type_1_num: 120; type_2_num: 116
80, 79, 78, 64, 
64, 78, 79, 80, 
64, 65, 66, 80, 
type_1_num: 120; type_2_num: 117
81, 80, 79, 78, 64, 
64, 65, 66, 67, 81, 
64, 65, 66, 67, 81, 
type_1_num: 120; type_2_num: 118
82, 96, 95, 94, 93, 107, 
107, 108, 109, 110, 96, 82, 
107, 93, 94, 95, 96, 82, 
type_1_num: 120; type_2_num: 119
83, 97, 96, 110, 
110, 111, 97, 83, 
110, 111, 97, 83, 
type_1_num: 120; type_2_num: 120
84, 70, 71, 72, 
72, 71, 85, 84, 
type_1_num: 121; type_2_num: 120
85, 86, 87, 88, 102, 116, 
116, 102, 101, 100, 99, 85, 
type_1_num: 122; type_2_num: 120
86, 72, 58, 44, 43, 
43, 44, 58, 72, 86, 
type_1_num: 123; type_2_num: 120
87, 86, 72, 58, 57, 56, 
56, 70, 84, 85, 86, 87, 
type_1_num: 124; type_2_num: 120
88, 87, 73, 72, 58, 44, 
44, 58, 72, 73, 74, 88, 
type_1_num: 125; type_2_num: 120
89, 90, 76, 62, 48, 
48, 62, 76, 75, 89, 
type_1_num: 126; type_2_num: 120
90, 91, 92, 106, 120, 121, 
121, 120, 119, 118, 104, 90, 
type_1_num: 127; type_2_num: 120
91, 92, 93, 94, 108, 122, 
122, 121, 120, 119, 105, 91, 
type_1_num: 128; type_2_num: 120
92, 91, 77, 63, 49, 
49, 63, 77, 91, 92, 
type_1_num: 129; type_2_num: 120
93, 94, 95, 81, 
81, 80, 79, 93, 
type_1_num: 130; type_2_num: 120
94, 95, 81, 67, 
67, 81, 80, 94, 
type_1_num: 131; type_2_num: 120
95, 109, 108, 107, 106, 120, 134, 
134, 135, 121, 107, 108, 109, 95, 
type_1_num: 132; type_2_num: 120
96, 95, 94, 108, 122, 
122, 123, 124, 110, 96, 
type_1_num: 133; type_2_num: 120
97, 96, 95, 81, 67, 53, 
53, 67, 68, 69, 83, 97, 
type_1_num: 134; type_2_num: 120
98, 99, 100, 101, 115, 
115, 114, 113, 112, 98, 
type_1_num: 135; type_2_num: 120
99, 100, 101, 102, 116, 130, 
130, 116, 102, 101, 100, 99, 
type_1_num: 136; type_2_num: 120
100, 114, 128, 142, 143, 144, 
144, 143, 142, 128, 114, 100, 
type_1_num: 137; type_2_num: 120
101, 100, 114, 113, 112, 126, 140, 
140, 141, 127, 113, 99, 100, 101, 
type_1_num: 138; type_2_num: 120
102, 101, 100, 86, 72, 
72, 73, 74, 88, 102, 
type_1_num: 139; type_2_num: 120
103, 102, 101, 115, 129, 
129, 130, 131, 117, 103, 
type_1_num: 140; type_2_num: 120
104, 103, 102, 116, 130, 
130, 131, 132, 118, 104, 
type_1_num: 141; type_2_num: 120
105, 104, 90, 
90, 104, 105, 
type_1_num: 142; type_2_num: 120
106, 105, 104, 118, 117, 
117, 118, 119, 120, 106, 
type_1_num: 143; type_2_num: 120
107, 121, 135, 134, 
134, 135, 121, 107, 
type_1_num: 144; type_2_num: 120
108, 107, 121, 135, 
135, 121, 107, 108, 
type_1_num: 145; type_2_num: 120
109, 123, 124, 138, 
138, 137, 123, 109, 
type_1_num: 146; type_2_num: 120
110, 111, 125, 139, 
139, 125, 124, 110, 
type_1_num: 147; type_2_num: 120
111, 125, 124, 123, 122, 136, 
112, 98, 99, 85, 86, 72, 
72, 86, 100, 114, 113, 112, 
type_1_num: 148; type_2_num: 120
113, 114, 100, 101, 102, 
102, 101, 100, 99, 113, 
type_1_num: 149; type_2_num: 120
114, 128, 142, 143, 144, 145, 159, 
159, 158, 157, 156, 142, 128, 114, 
type_1_num: 150; type_2_num: 120
116, 117, 118, 132, 133, 
133, 132, 131, 130, 116, 
type_1_num: 151; type_2_num: 120
117, 103, 89, 90, 91, 92, 
92, 91, 105, 119, 118, 117, 
type_1_num: 152; type_2_num: 120
118, 119, 105, 
105, 119, 118, 
type_1_num: 153; type_2_num: 120
119, 118, 117, 131, 130, 
130, 131, 132, 133, 119, 
type_1_num: 154; type_2_num: 120
120, 106, 92, 91, 77, 
77, 91, 105, 106, 120, 
type_1_num: 155; type_2_num: 120
121, 107, 93, 79, 80, 
80, 79, 93, 107, 121, 
type_1_num: 156; type_2_num: 120
123, 109, 95, 94, 93, 79, 
79, 93, 94, 95, 109, 123, 
type_1_num: 157; type_2_num: 120
124, 123, 109, 108, 107, 
107, 108, 109, 110, 124, 
type_1_num: 158; type_2_num: 120
125, 124, 138, 152, 166, 
166, 167, 153, 139, 125, 
type_1_num: 159; type_2_num: 120
126, 140, 141, 142, 143, 
143, 142, 141, 140, 126, 
143, 142, 141, 140, 126, 
type_1_num: 159; type_2_num: 121
127, 141, 142, 143, 144, 158, 
158, 157, 156, 155, 141, 127, 
158, 157, 156, 155, 141, 127, 
type_1_num: 159; type_2_num: 122
128, 142, 143, 144, 
144, 143, 142, 128, 
144, 143, 142, 128, 
type_1_num: 159; type_2_num: 123
130, 131, 145, 146, 
146, 145, 144, 130, 
146, 145, 144, 130, 
type_1_num: 159; type_2_num: 124
131, 132, 133, 134, 148, 
148, 147, 146, 145, 131, 
148, 147, 146, 145, 131, 
type_1_num: 159; type_2_num: 125
132, 146, 147, 148, 
148, 147, 146, 132, 
148, 147, 146, 132, 
type_1_num: 159; type_2_num: 126
133, 147, 146, 145, 144, 
144, 145, 131, 132, 133, 
144, 145, 146, 147, 133, 
type_1_num: 159; type_2_num: 127
134, 120, 121, 122, 123, 
123, 122, 121, 120, 134, 
123, 122, 121, 120, 134, 
type_1_num: 159; type_2_num: 128
135, 134, 133, 132, 146, 
146, 147, 148, 149, 135, 
146, 147, 148, 149, 135, 
type_1_num: 159; type_2_num: 129
137, 151, 150, 149, 148, 
148, 149, 150, 151, 137, 
148, 149, 150, 151, 137, 
type_1_num: 159; type_2_num: 130
138, 139, 125, 111, 
111, 125, 124, 138, 
111, 125, 124, 138, 
type_1_num: 159; type_2_num: 131
139, 138, 152, 151, 
151, 152, 153, 139, 
151, 152, 153, 139, 
type_1_num: 159; type_2_num: 132
140, 141, 142, 128, 114, 115, 
115, 114, 113, 112, 126, 140, 
115, 114, 113, 112, 126, 140, 
type_1_num: 159; type_2_num: 133
141, 127, 128, 
128, 127, 141, 
128, 127, 141, 
type_1_num: 159; type_2_num: 134
142, 143, 144, 145, 131, 117, 
117, 116, 130, 144, 143, 142, 
117, 116, 130, 144, 143, 142, 
type_1_num: 159; type_2_num: 135
143, 144, 145, 131, 117, 
117, 131, 130, 144, 143, 
117, 131, 145, 144, 143, 
type_1_num: 159; type_2_num: 136
144, 158, 159, 160, 161, 
161, 160, 159, 158, 144, 
161, 160, 159, 158, 144, 
type_1_num: 159; type_2_num: 137
145, 131, 130, 116, 
116, 130, 131, 145, 
116, 117, 131, 145, 
type_1_num: 159; type_2_num: 138
146, 147, 133, 119, 
119, 118, 132, 146, 
119, 118, 132, 146, 
type_1_num: 159; type_2_num: 139
147, 133, 132, 118, 
118, 119, 133, 147, 
118, 132, 133, 147, 
type_1_num: 159; type_2_num: 140
148, 149, 150, 151, 137, 123, 109, 
109, 123, 137, 151, 150, 149, 148, 
109, 123, 137, 151, 150, 149, 148, 
type_1_num: 159; type_2_num: 141
149, 163, 162, 161, 
161, 162, 163, 149, 
161, 162, 163, 149, 
type_1_num: 159; type_2_num: 142
150, 149, 148, 147, 133, 119, 105, 
105, 119, 133, 134, 148, 149, 150, 
105, 119, 120, 121, 135, 149, 150, 
type_1_num: 159; type_2_num: 143
151, 152, 153, 167, 
167, 166, 165, 151, 
167, 166, 165, 151, 
type_1_num: 159; type_2_num: 144
152, 151, 150, 149, 135, 
135, 149, 150, 151, 152, 
135, 149, 150, 151, 152, 
type_1_num: 159; type_2_num: 145
153, 152, 138, 137, 123, 
123, 124, 125, 139, 153, 
123, 124, 125, 139, 153, 
type_1_num: 159; type_2_num: 146
154, 155, 141, 127, 113, 114, 115, 
115, 114, 113, 112, 126, 140, 154, 
115, 114, 113, 112, 126, 140, 154, 
type_1_num: 159; type_2_num: 147
155, 156, 157, 158, 144, 130, 
130, 144, 158, 157, 156, 155, 
130, 144, 143, 142, 141, 155, 
type_1_num: 159; type_2_num: 148
156, 157, 158, 159, 145, 131, 
131, 145, 159, 158, 157, 156, 
131, 145, 159, 158, 157, 156, 
type_1_num: 159; type_2_num: 149
157, 158, 144, 
144, 143, 157, 
144, 143, 157, 
type_1_num: 159; type_2_num: 150
158, 157, 156, 155, 141, 127, 113, 
113, 127, 141, 142, 156, 157, 158, 
113, 127, 141, 142, 156, 157, 158, 
type_1_num: 159; type_2_num: 151
159, 160, 161, 162, 148, 
148, 162, 161, 160, 159, 
148, 147, 146, 145, 159, 
type_1_num: 159; type_2_num: 152
160, 159, 158, 144, 
144, 158, 159, 160, 
144, 158, 159, 160, 
type_1_num: 159; type_2_num: 153
161, 160, 146, 132, 118, 
118, 132, 146, 160, 161, 
118, 119, 133, 147, 161, 
type_1_num: 159; type_2_num: 154
162, 163, 164, 150, 
150, 149, 163, 162, 
150, 149, 163, 162, 
type_1_num: 159; type_2_num: 155
163, 162, 161, 147, 133, 
133, 147, 148, 149, 163, 
133, 147, 161, 162, 163, 
type_1_num: 159; type_2_num: 156
164, 165, 166, 167, 153, 139, 125, 
125, 139, 138, 152, 151, 165, 164, 
125, 139, 138, 152, 151, 150, 164, 
type_1_num: 159; type_2_num: 157
165, 164, 150, 136, 
136, 137, 151, 165, 
136, 137, 151, 165, 
type_1_num: 159; type_2_num: 158
166, 167, 153, 139, 
139, 138, 152, 166, 
139, 138, 152, 166, 
type_1_num: 159; type_2_num: 159
167, 153, 139, 125, 124, 
124, 138, 152, 153, 167, 
124, 138, 152, 166, 167, 
type_1_num: 159; type_2_num: 160
0, 1, 15, 29, 
29, 28, 14, 0, 
type_1_num: 160; type_2_num: 160
1, 2, 16, 17, 
17, 3, 2, 1, 
type_1_num: 161; type_2_num: 160
2, 3, 17, 31, 
31, 30, 16, 2, 
type_1_num: 162; type_2_num: 160
3, 4, 5, 6, 20, 
20, 6, 5, 4, 3, 
type_1_num: 163; type_2_num: 160
4, 3, 17, 31, 45, 
45, 31, 17, 3, 4, 
type_1_num: 164; type_2_num: 160
5, 19, 33, 47, 46, 
46, 32, 33, 19, 5, 
type_1_num: 165; type_2_num: 160
6, 7, 8, 22, 36, 50, 51, 
51, 50, 49, 35, 21, 7, 6, 
type_1_num: 166; type_2_num: 160
7, 6, 20, 34, 
34, 20, 21, 7, 
type_1_num: 167; type_2_num: 160
8, 7, 6, 20, 34, 
34, 35, 21, 22, 8, 
type_1_num: 168; type_2_num: 160
9, 23, 37, 51, 50, 49, 
49, 35, 21, 7, 8, 9, 
type_1_num: 169; type_2_num: 160
10, 11, 12, 26, 40, 41, 55, 
55, 54, 40, 39, 25, 11, 10, 
type_1_num: 170; type_2_num: 160
11, 10, 9, 23, 37, 51, 50, 
50, 36, 22, 23, 9, 10, 11, 
type_1_num: 171; type_2_num: 160
12, 26, 40, 54, 53, 
53, 39, 25, 11, 12, 
type_1_num: 172; type_2_num: 160
13, 12, 11, 10, 24, 38, 
38, 39, 40, 41, 27, 13, 
type_1_num: 173; type_2_num: 160
14, 28, 42, 43, 57, 
57, 43, 29, 15, 14, 
type_1_num: 174; type_2_num: 160
15, 29, 43, 44, 58, 59, 
59, 58, 57, 43, 29, 15, 
type_1_num: 175; type_2_num: 160
16, 30, 29, 
29, 30, 16, 
type_1_num: 176; type_2_num: 160
17, 16, 30, 44, 
44, 30, 16, 17, 
type_1_num: 177; type_2_num: 160
18, 17, 16, 15, 29, 43, 57, 
57, 43, 29, 30, 16, 17, 18, 
type_1_num: 178; type_2_num: 160
19, 33, 47, 48, 62, 
62, 48, 34, 33, 19, 
type_1_num: 179; type_2_num: 160
20, 19, 18, 32, 46, 60, 
60, 61, 62, 48, 34, 20, 
type_1_num: 180; type_2_num: 160
21, 35, 49, 48, 62, 
62, 63, 49, 35, 21, 
type_1_num: 181; type_2_num: 160
22, 21, 35, 49, 63, 
63, 64, 50, 36, 22, 
type_1_num: 182; type_2_num: 160
23, 24, 25, 26, 40, 54, 
54, 40, 39, 25, 24, 23, 
type_1_num: 183; type_2_num: 160
24, 23, 22, 36, 
36, 22, 23, 24, 
type_1_num: 184; type_2_num: 160
25, 26, 40, 54, 
54, 40, 39, 25, 
type_1_num: 185; type_2_num: 160
26, 40, 54, 68, 67, 66, 65, 
65, 51, 37, 23, 24, 25, 26, 
type_1_num: 186; type_2_num: 160
27, 41, 55, 69, 68, 67, 
67, 68, 69, 55, 41, 27, 
type_1_num: 187; type_2_num: 160
28, 29, 15, 1, 2, 3, 
3, 2, 1, 0, 14, 28, 
type_1_num: 188; type_2_num: 160
29, 30, 31, 45, 
30, 31, 32, 46, 
46, 32, 31, 30, 
type_1_num: 189; type_2_num: 160
32, 18, 4, 3, 2, 
2, 3, 4, 18, 32, 
type_1_num: 190; type_2_num: 160
33, 32, 46, 60, 74, 
74, 60, 61, 47, 33, 
type_1_num: 191; type_2_num: 160
34, 20, 19, 5, 
5, 6, 20, 34, 
type_1_num: 192; type_2_num: 160
35, 34, 48, 62, 76, 
76, 77, 63, 49, 35, 
type_1_num: 193; type_2_num: 160
36, 50, 64, 65, 66, 
66, 65, 64, 50, 36, 
type_1_num: 194; type_2_num: 160
37, 51, 65, 66, 80, 
80, 66, 65, 51, 37, 
type_1_num: 195; type_2_num: 160
39, 38, 37, 36, 50, 64, 78, 
78, 79, 80, 81, 67, 53, 39, 
type_1_num: 196; type_2_num: 160
40, 41, 55, 69, 83, 
83, 82, 68, 54, 40, 
type_1_num: 197; type_2_num: 160
41, 55, 54, 68, 82, 
82, 68, 69, 55, 41, 
type_1_num: 198; type_2_num: 160
42, 43, 57, 58, 
58, 44, 43, 42, 
58, 57, 56, 42, 
type_1_num: 198; type_2_num: 161
43, 44, 58, 59, 60, 
60, 59, 58, 57, 43, 
60, 59, 58, 57, 43, 
type_1_num: 198; type_2_num: 162
44, 43, 29, 
29, 43, 44, 
29, 30, 44, 
type_1_num: 198; type_2_num: 163
46, 60, 74, 73, 87, 86, 
86, 87, 88, 74, 60, 46, 
86, 87, 88, 74, 60, 46, 
type_1_num: 198; type_2_num: 164
47, 48, 34, 35, 21, 
21, 20, 34, 33, 47, 
21, 35, 34, 33, 47, 
type_1_num: 198; type_2_num: 165
48, 47, 33, 32, 18, 17, 
17, 18, 19, 33, 34, 48, 
17, 18, 19, 20, 34, 48, 
type_1_num: 198; type_2_num: 166
49, 50, 51, 37, 
37, 36, 50, 49, 
37, 36, 35, 49, 
type_1_num: 198; type_2_num: 167
50, 64, 65, 79, 80, 94, 
94, 93, 92, 78, 64, 50, 
94, 93, 92, 78, 64, 50, 
type_1_num: 198; type_2_num: 168
51, 65, 66, 80, 
80, 79, 65, 51, 
80, 66, 65, 51, 
type_1_num: 198; type_2_num: 169
53, 67, 66, 65, 64, 
64, 65, 66, 67, 53, 
64, 65, 66, 67, 53, 
type_1_num: 198; type_2_num: 170
54, 68, 82, 81, 80, 
80, 81, 82, 68, 54, 
80, 66, 67, 68, 54, 
type_1_num: 198; type_2_num: 171
55, 69, 68, 67, 66, 
56, 42, 28, 14, 15, 16, 17, 
17, 16, 15, 14, 28, 42, 56, 
17, 16, 15, 14, 28, 42, 56, 
type_1_num: 198; type_2_num: 172
57, 56, 42, 28, 
28, 42, 56, 57, 
28, 42, 43, 57, 
type_1_num: 198; type_2_num: 173
58, 59, 60, 46, 
46, 60, 59, 58, 
46, 60, 59, 58, 
type_1_num: 198; type_2_num: 174
59, 60, 46, 32, 18, 
18, 32, 46, 60, 59, 
18, 32, 46, 60, 59, 
type_1_num: 198; type_2_num: 175
60, 74, 75, 76, 90, 91, 
91, 77, 63, 62, 61, 60, 
91, 90, 89, 75, 74, 60, 
type_1_num: 198; type_2_num: 176
61, 47, 33, 32, 
32, 46, 47, 61, 
32, 33, 47, 61, 
type_1_num: 198; type_2_num: 177
62, 61, 60, 59, 45, 
63, 64, 65, 79, 93, 107, 
107, 106, 105, 91, 77, 63, 
107, 106, 105, 91, 77, 63, 
type_1_num: 198; type_2_num: 178
64, 65, 51, 
51, 50, 64, 
51, 50, 64, 
type_1_num: 198; type_2_num: 179
65, 51, 37, 23, 24, 25, 26, 
26, 25, 24, 23, 37, 51, 65, 
26, 25, 24, 23, 37, 51, 65, 
type_1_num: 198; type_2_num: 180
66, 67, 53, 
53, 67, 66, 
53, 67, 66, 
type_1_num: 198; type_2_num: 181
67, 81, 80, 79, 78, 
78, 64, 65, 66, 67, 
78, 79, 80, 81, 67, 
type_1_num: 198; type_2_num: 182
68, 82, 96, 110, 109, 
109, 110, 96, 82, 68, 
109, 95, 96, 82, 68, 
type_1_num: 198; type_2_num: 183
69, 55, 41, 40, 
40, 41, 55, 69, 
40, 41, 55, 69, 
type_1_num: 198; type_2_num: 184
70, 84, 85, 86, 100, 101, 
101, 100, 99, 98, 84, 70, 
101, 100, 86, 85, 84, 70, 
type_1_num: 198; type_2_num: 185
71, 72, 73, 87, 101, 115, 
115, 114, 113, 99, 85, 71, 
115, 114, 113, 99, 85, 71, 
type_1_num: 198; type_2_num: 186
72, 71, 85, 
85, 86, 72, 
85, 86, 72, 
type_1_num: 198; type_2_num: 187
73, 87, 101, 100, 114, 
114, 100, 101, 87, 73, 
114, 100, 86, 72, 73, 
type_1_num: 198; type_2_num: 188
74, 88, 87, 101, 100, 99, 
99, 100, 101, 102, 88, 74, 
99, 100, 101, 102, 88, 74, 
type_1_num: 198; type_2_num: 189
75, 74, 73, 87, 
87, 88, 89, 75, 
87, 73, 74, 75, 
type_1_num: 198; type_2_num: 190
76, 75, 74, 88, 87, 
87, 88, 89, 90, 76, 
87, 88, 89, 90, 76, 
type_1_num: 198; type_2_num: 191
77, 78, 64, 65, 
65, 64, 63, 77, 
65, 64, 63, 77, 
type_1_num: 198; type_2_num: 192
79, 78, 92, 106, 
106, 92, 93, 79, 
106, 107, 93, 79, 
type_1_num: 198; type_2_num: 193
80, 79, 65, 51, 
51, 65, 66, 80, 
51, 52, 66, 80, 
type_1_num: 198; type_2_num: 194
81, 80, 94, 108, 
108, 109, 95, 81, 
108, 109, 95, 81, 
type_1_num: 198; type_2_num: 195
82, 81, 67, 53, 39, 38, 
38, 39, 40, 54, 68, 82, 
38, 39, 40, 54, 68, 82, 
type_1_num: 198; type_2_num: 196
83, 82, 81, 80, 66, 
66, 67, 81, 82, 83, 
66, 67, 68, 69, 83, 
type_1_num: 198; type_2_num: 197
84, 85, 86, 87, 101, 115, 129, 
85, 86, 87, 88, 74, 
74, 73, 72, 71, 85, 
type_1_num: 199; type_2_num: 197
86, 85, 84, 98, 112, 
112, 113, 99, 85, 86, 
type_1_num: 200; type_2_num: 197
87, 88, 89, 103, 117, 
117, 116, 102, 101, 87, 
type_1_num: 201; type_2_num: 197
88, 87, 86, 100, 114, 
114, 100, 101, 102, 88, 
type_1_num: 202; type_2_num: 197
89, 103, 102, 101, 
101, 102, 103, 89, 
type_1_num: 203; type_2_num: 197
90, 89, 88, 87, 101, 115, 129, 
91, 90, 89, 103, 102, 116, 130, 
130, 131, 132, 133, 119, 105, 91, 
type_1_num: 204; type_2_num: 197
92, 91, 90, 89, 103, 117, 
117, 118, 119, 105, 91, 92, 
type_1_num: 205; type_2_num: 197
93, 92, 106, 105, 104, 
104, 105, 106, 92, 93, 
type_1_num: 206; type_2_num: 197
94, 95, 109, 123, 124, 138, 
138, 124, 110, 96, 95, 94, 
type_1_num: 207; type_2_num: 197
95, 96, 110, 124, 138, 139, 
139, 138, 124, 110, 96, 95, 
type_1_num: 208; type_2_num: 197
96, 97, 111, 125, 
125, 124, 110, 96, 
type_1_num: 209; type_2_num: 197
97, 83, 69, 68, 54, 
54, 68, 82, 83, 97, 
type_1_num: 210; type_2_num: 197
98, 112, 126, 127, 128, 142, 
142, 141, 127, 126, 112, 98, 
type_1_num: 211; type_2_num: 197
99, 100, 86, 87, 88, 74, 60, 
60, 74, 73, 72, 71, 85, 99, 
type_1_num: 212; type_2_num: 197
100, 99, 113, 127, 141, 
141, 127, 113, 114, 100, 
type_1_num: 213; type_2_num: 197
101, 102, 88, 
88, 102, 101, 
type_1_num: 214; type_2_num: 197
102, 116, 117, 
117, 116, 102, 
type_1_num: 215; type_2_num: 197
103, 104, 90, 76, 
76, 90, 104, 103, 
type_1_num: 216; type_2_num: 197
104, 118, 119, 120, 121, 
121, 120, 106, 105, 104, 
type_1_num: 217; type_2_num: 197
105, 106, 107, 121, 
121, 120, 119, 105, 
type_1_num: 218; type_2_num: 197
106, 107, 121, 135, 149, 150, 151, 
151, 150, 149, 148, 134, 120, 106, 
type_1_num: 219; type_2_num: 197
107, 121, 135, 149, 150, 151, 152, 
152, 138, 124, 110, 109, 108, 107, 
type_1_num: 220; type_2_num: 197
108, 109, 95, 81, 82, 
82, 96, 95, 94, 108, 
type_1_num: 221; type_2_num: 197
109, 95, 94, 93, 92, 78, 
78, 92, 106, 107, 108, 109, 
type_1_num: 222; type_2_num: 197
110, 109, 108, 107, 121, 
121, 107, 108, 109, 110, 
type_1_num: 223; type_2_num: 197
111, 110, 96, 95, 94, 80, 
80, 94, 95, 96, 97, 111, 
type_1_num: 224; type_2_num: 197
112, 113, 114, 115, 129, 
113, 127, 141, 155, 156, 157, 158, 
158, 157, 156, 155, 141, 127, 113, 
type_1_num: 225; type_2_num: 197
114, 128, 142, 156, 157, 
157, 156, 142, 128, 114, 
type_1_num: 226; type_2_num: 197
116, 117, 131, 132, 133, 147, 161, 
161, 160, 159, 145, 131, 117, 116, 
type_1_num: 227; type_2_num: 197
117, 118, 119, 133, 
133, 132, 131, 117, 
type_1_num: 228; type_2_num: 197
118, 132, 131, 145, 144, 
144, 130, 131, 132, 118, 
type_1_num: 229; type_2_num: 197
119, 133, 134, 135, 149, 
149, 148, 134, 133, 119, 
type_1_num: 230; type_2_num: 197
120, 134, 148, 162, 163, 
163, 162, 148, 134, 120, 
type_1_num: 231; type_2_num: 197
121, 107, 108, 109, 110, 96, 82, 
82, 81, 80, 79, 93, 107, 121, 
type_1_num: 232; type_2_num: 197
123, 124, 125, 111, 
111, 110, 124, 123, 
type_1_num: 233; type_2_num: 197
124, 138, 152, 151, 150, 149, 163, 
163, 164, 165, 151, 137, 123, 124, 
type_1_num: 234; type_2_num: 197
125, 124, 110, 96, 82, 
82, 83, 97, 111, 125, 
type_1_num: 235; type_2_num: 197
126, 112, 98, 99, 85, 
85, 84, 98, 112, 126, 
85, 84, 98, 112, 126, 
type_1_num: 235; type_2_num: 198
127, 113, 99, 100, 86, 
86, 85, 99, 113, 127, 
86, 100, 114, 113, 127, 
type_1_num: 235; type_2_num: 199
128, 114, 115, 116, 117, 
117, 116, 115, 114, 128, 
117, 116, 115, 114, 128, 
type_1_num: 235; type_2_num: 200
130, 116, 115, 114, 113, 
113, 114, 115, 116, 130, 
131, 145, 159, 158, 
158, 159, 145, 131, 
158, 159, 145, 131, 
type_1_num: 235; type_2_num: 201
132, 118, 117, 116, 102, 101, 87, 
87, 101, 102, 103, 104, 118, 132, 
87, 88, 89, 90, 104, 118, 132, 
type_1_num: 235; type_2_num: 202
133, 134, 120, 106, 92, 93, 
93, 107, 121, 120, 119, 133, 
93, 92, 91, 105, 119, 133, 
type_1_num: 235; type_2_num: 203
134, 135, 121, 122, 123, 
123, 122, 121, 120, 134, 
123, 122, 121, 120, 134, 
type_1_num: 235; type_2_num: 204
135, 121, 107, 108, 109, 110, 96, 
96, 95, 94, 93, 107, 121, 135, 
96, 95, 94, 93, 107, 121, 135, 
type_1_num: 235; type_2_num: 205
137, 123, 109, 108, 
108, 109, 123, 137, 
108, 109, 123, 137, 
type_1_num: 235; type_2_num: 206
138, 139, 125, 
125, 139, 138, 
125, 124, 138, 
type_1_num: 235; type_2_num: 207
139, 125, 111, 97, 96, 95, 94, 
94, 95, 96, 97, 111, 125, 139, 
94, 95, 96, 97, 111, 125, 139, 
type_1_num: 235; type_2_num: 208
140, 141, 127, 113, 99, 100, 101, 
101, 100, 99, 98, 112, 126, 140, 
101, 100, 99, 98, 112, 126, 140, 
type_1_num: 235; type_2_num: 209
141, 142, 143, 144, 130, 116, 
116, 130, 144, 143, 142, 141, 
116, 130, 144, 143, 142, 141, 
type_1_num: 235; type_2_num: 210
142, 143, 157, 
157, 156, 142, 
157, 156, 142, 
type_1_num: 235; type_2_num: 211
143, 144, 145, 131, 
131, 145, 144, 143, 
131, 130, 144, 143, 
type_1_num: 235; type_2_num: 212
144, 130, 116, 115, 101, 100, 99, 
99, 100, 101, 102, 116, 130, 144, 
99, 113, 127, 128, 142, 143, 144, 
type_1_num: 235; type_2_num: 213
145, 159, 158, 157, 
157, 158, 159, 145, 
157, 158, 159, 145, 
type_1_num: 235; type_2_num: 214
146, 147, 148, 134, 120, 
120, 134, 133, 147, 146, 
120, 134, 148, 147, 146, 
type_1_num: 235; type_2_num: 215
147, 146, 132, 131, 117, 
117, 118, 132, 133, 147, 
117, 131, 132, 133, 147, 
type_1_num: 235; type_2_num: 216
148, 134, 120, 121, 
121, 135, 134, 148, 
121, 120, 134, 148, 
type_1_num: 235; type_2_num: 217
149, 150, 151, 152, 138, 
138, 137, 151, 150, 149, 
138, 137, 151, 150, 149, 
type_1_num: 235; type_2_num: 218
150, 151, 137, 123, 109, 
109, 123, 137, 151, 150, 
109, 123, 137, 151, 150, 
type_1_num: 235; type_2_num: 219
151, 150, 149, 135, 121, 120, 
120, 134, 148, 149, 150, 151, 
152, 138, 137, 123, 122, 108, 107, 
107, 108, 109, 110, 124, 138, 152, 
107, 108, 109, 110, 124, 138, 152, 
type_1_num: 235; type_2_num: 220
153, 139, 125, 124, 110, 109, 108, 
108, 122, 123, 124, 125, 139, 153, 
108, 109, 110, 111, 125, 139, 153, 
type_1_num: 235; type_2_num: 221
154, 155, 141, 127, 128, 
128, 127, 126, 140, 154, 
128, 127, 141, 140, 154, 
type_1_num: 235; type_2_num: 222
155, 156, 142, 
142, 141, 155, 
142, 156, 155, 
type_1_num: 235; type_2_num: 223
156, 157, 158, 144, 145, 131, 117, 
117, 131, 145, 159, 158, 157, 156, 
117, 131, 145, 159, 158, 157, 156, 
type_1_num: 235; type_2_num: 224
157, 156, 155, 154, 140, 126, 
126, 140, 141, 142, 156, 157, 
126, 140, 141, 142, 143, 157, 
type_1_num: 235; type_2_num: 225
158, 144, 130, 116, 115, 
159, 158, 144, 143, 142, 128, 
128, 142, 143, 144, 145, 159, 
128, 142, 143, 157, 158, 159, 
type_1_num: 235; type_2_num: 226
160, 159, 158, 144, 
144, 158, 159, 160, 
144, 145, 146, 160, 
type_1_num: 235; type_2_num: 227
161, 162, 163, 164, 150, 
150, 164, 163, 162, 161, 
150, 149, 148, 162, 161, 
type_1_num: 235; type_2_num: 228
162, 148, 134, 133, 
133, 147, 161, 162, 
133, 147, 148, 162, 
type_1_num: 235; type_2_num: 229
163, 164, 150, 136, 
164, 163, 149, 148, 
148, 149, 163, 164, 
148, 149, 150, 164, 
type_1_num: 235; type_2_num: 230
165, 164, 163, 149, 135, 121, 120, 
120, 134, 135, 149, 163, 164, 165, 
120, 134, 148, 162, 163, 164, 165, 
type_1_num: 235; type_2_num: 231
166, 152, 151, 137, 
137, 151, 152, 166, 
137, 151, 165, 166, 
type_1_num: 235; type_2_num: 232
167, 166, 165, 151, 
151, 165, 166, 167, 
151, 152, 166, 167, 
type_1_num: 235; type_2_num: 233
0, 14, 15, 29, 30, 
30, 16, 15, 14, 0, 
type_1_num: 236; type_2_num: 233
1, 2, 16, 30, 44, 
44, 30, 29, 15, 1, 
type_1_num: 237; type_2_num: 233
2, 3, 17, 
17, 3, 2, 
type_1_num: 238; type_2_num: 233
3, 2, 1, 0, 14, 28, 
28, 29, 15, 1, 2, 3, 
type_1_num: 239; type_2_num: 233
4, 3, 2, 16, 30, 44, 
44, 30, 31, 32, 18, 4, 
type_1_num: 240; type_2_num: 233
5, 4, 18, 32, 46, 
46, 47, 33, 19, 5, 
type_1_num: 241; type_2_num: 233
6, 5, 4, 3, 17, 
17, 3, 4, 5, 6, 
type_1_num: 242; type_2_num: 233
7, 8, 9, 23, 
23, 22, 8, 7, 
type_1_num: 243; type_2_num: 233
8, 9, 10, 11, 25, 
25, 11, 10, 9, 8, 
type_1_num: 244; type_2_num: 233
9, 8, 7, 6, 20, 34, 48, 
48, 49, 35, 21, 22, 23, 9, 
type_1_num: 245; type_2_num: 233
10, 11, 12, 26, 40, 
40, 26, 12, 11, 10, 
type_1_num: 246; type_2_num: 233
11, 10, 9, 8, 22, 
22, 8, 9, 10, 11, 
type_1_num: 247; type_2_num: 233
12, 11, 10, 24, 38, 52, 
13, 27, 41, 40, 54, 53, 
53, 54, 55, 41, 27, 13, 
type_1_num: 248; type_2_num: 233
14, 15, 29, 30, 44, 
44, 30, 16, 15, 14, 
type_1_num: 249; type_2_num: 233
15, 16, 17, 31, 45, 
16, 17, 18, 32, 46, 
46, 32, 31, 30, 16, 
type_1_num: 250; type_2_num: 233
17, 18, 32, 
32, 31, 17, 
type_1_num: 251; type_2_num: 233
18, 19, 20, 21, 7, 
7, 6, 5, 4, 18, 
type_1_num: 252; type_2_num: 233
19, 18, 17, 16, 30, 44, 
44, 30, 31, 32, 33, 19, 
type_1_num: 253; type_2_num: 233
20, 21, 22, 36, 50, 
50, 49, 48, 34, 20, 
type_1_num: 254; type_2_num: 233
21, 20, 34, 48, 47, 61, 
61, 62, 48, 49, 35, 21, 
type_1_num: 255; type_2_num: 233
22, 23, 24, 38, 52, 66, 
23, 9, 10, 11, 12, 
12, 11, 10, 9, 23, 
type_1_num: 256; type_2_num: 233
24, 23, 37, 51, 65, 
25, 24, 23, 22, 36, 
36, 22, 23, 24, 25, 
type_1_num: 257; type_2_num: 233
26, 27, 13, 
13, 12, 26, 
type_1_num: 258; type_2_num: 233
27, 41, 55, 69, 68, 
68, 69, 55, 41, 27, 
type_1_num: 259; type_2_num: 233
28, 29, 15, 16, 2, 3, 
3, 2, 1, 0, 14, 28, 
type_1_num: 260; type_2_num: 233
29, 43, 57, 71, 72, 73, 74, 
74, 73, 72, 71, 57, 43, 29, 
type_1_num: 261; type_2_num: 233
30, 16, 15, 14, 0, 
0, 1, 2, 16, 30, 
type_1_num: 262; type_2_num: 233
32, 46, 47, 48, 62, 
62, 61, 47, 33, 32, 
type_1_num: 263; type_2_num: 233
33, 19, 5, 4, 3, 2, 
2, 3, 4, 18, 32, 33, 
type_1_num: 264; type_2_num: 233
34, 33, 19, 
19, 33, 34, 
type_1_num: 265; type_2_num: 233
35, 49, 48, 
48, 49, 35, 
type_1_num: 266; type_2_num: 233
36, 50, 64, 78, 79, 80, 
80, 66, 65, 51, 37, 36, 
type_1_num: 267; type_2_num: 233
37, 36, 22, 
22, 36, 37, 
type_1_num: 268; type_2_num: 233
39, 40, 41, 27, 
27, 41, 40, 39, 
type_1_num: 269; type_2_num: 233
40, 54, 68, 82, 81, 80, 79, 
79, 80, 81, 67, 53, 54, 40, 
type_1_num: 270; type_2_num: 233
41, 55, 69, 68, 67, 
67, 68, 69, 55, 41, 
type_1_num: 271; type_2_num: 233
42, 28, 14, 0, 1, 
1, 0, 14, 28, 42, 
1, 0, 14, 28, 42, 
type_1_num: 271; type_2_num: 234
43, 42, 56, 
56, 42, 43, 
56, 57, 43, 
type_1_num: 271; type_2_num: 235
44, 43, 42, 56, 
56, 57, 58, 44, 
56, 42, 43, 44, 
type_1_num: 271; type_2_num: 236
47, 48, 49, 63, 
63, 62, 61, 47, 
63, 62, 61, 47, 
type_1_num: 271; type_2_num: 237
48, 47, 33, 32, 
32, 33, 34, 48, 
32, 33, 34, 48, 
type_1_num: 271; type_2_num: 238
49, 35, 34, 20, 19, 
19, 20, 21, 35, 49, 
19, 20, 21, 35, 49, 
type_1_num: 271; type_2_num: 239
50, 64, 65, 
65, 64, 50, 
53, 54, 68, 82, 
82, 68, 54, 53, 
82, 68, 54, 53, 
type_1_num: 271; type_2_num: 240
54, 53, 67, 66, 80, 
55, 41, 27, 26, 12, 11, 
11, 12, 13, 27, 41, 55, 
11, 12, 13, 27, 41, 55, 
type_1_num: 271; type_2_num: 241
56, 70, 71, 85, 86, 
86, 72, 71, 70, 56, 
86, 85, 84, 70, 56, 
type_1_num: 271; type_2_num: 242
57, 56, 42, 
42, 56, 57, 
42, 56, 57, 
type_1_num: 271; type_2_num: 243
58, 72, 73, 87, 
87, 86, 72, 58, 
87, 86, 72, 58, 
type_1_num: 271; type_2_num: 244
59, 60, 46, 47, 48, 
48, 47, 61, 60, 59, 
48, 47, 61, 60, 59, 
type_1_num: 271; type_2_num: 245
60, 59, 58, 72, 86, 
86, 87, 73, 59, 60, 
86, 87, 88, 74, 60, 
type_1_num: 271; type_2_num: 246
61, 60, 74, 
74, 60, 61, 
74, 75, 61, 
type_1_num: 271; type_2_num: 247
62, 48, 34, 33, 19, 18, 17, 
17, 18, 19, 20, 34, 48, 62, 
17, 18, 19, 20, 34, 48, 62, 
type_1_num: 271; type_2_num: 248
63, 64, 50, 
50, 64, 63, 
50, 64, 63, 
type_1_num: 271; type_2_num: 249
64, 65, 79, 
79, 78, 64, 
79, 78, 64, 
type_1_num: 271; type_2_num: 250
67, 53, 39, 38, 37, 23, 
23, 24, 25, 39, 53, 67, 
23, 24, 25, 39, 53, 67, 
type_1_num: 271; type_2_num: 251
68, 69, 83, 97, 111, 
111, 110, 96, 82, 68, 
111, 97, 96, 82, 68, 
type_1_num: 271; type_2_num: 252
69, 55, 54, 53, 
53, 67, 68, 69, 
53, 54, 68, 69, 
type_1_num: 271; type_2_num: 253
70, 71, 57, 
57, 71, 70, 
57, 71, 70, 
type_1_num: 271; type_2_num: 254
71, 72, 73, 74, 88, 102, 
102, 88, 87, 73, 72, 71, 
102, 101, 100, 99, 85, 71, 
type_1_num: 271; type_2_num: 255
73, 74, 60, 46, 
46, 60, 59, 73, 
74, 75, 61, 47, 48, 
48, 62, 76, 75, 74, 
48, 62, 61, 75, 74, 
type_1_num: 271; type_2_num: 256
75, 61, 47, 46, 
46, 60, 61, 75, 
76, 77, 78, 64, 50, 36, 37, 
37, 36, 50, 49, 63, 77, 76, 
37, 36, 35, 49, 63, 62, 76, 
type_1_num: 271; type_2_num: 257
77, 76, 75, 61, 
61, 75, 76, 77, 
61, 62, 76, 77, 
type_1_num: 271; type_2_num: 258
78, 64, 50, 51, 37, 
37, 36, 50, 64, 78, 
37, 36, 50, 64, 78, 
type_1_num: 271; type_2_num: 259
79, 93, 94, 95, 109, 
109, 108, 107, 93, 79, 
82, 83, 97, 
97, 83, 82, 
97, 83, 82, 
type_1_num: 271; type_2_num: 260
83, 69, 55, 54, 
54, 68, 82, 83, 
54, 55, 69, 83, 
type_1_num: 271; type_2_num: 261
84, 98, 99, 100, 114, 
114, 113, 99, 85, 84, 
type_1_num: 272; type_2_num: 261
85, 71, 72, 73, 59, 
87, 88, 102, 116, 130, 
88, 89, 75, 61, 47, 
47, 61, 75, 89, 88, 
type_1_num: 273; type_2_num: 261
89, 90, 91, 92, 106, 120, 134, 
134, 133, 119, 105, 104, 103, 89, 
type_1_num: 274; type_2_num: 261
90, 91, 77, 78, 
78, 92, 91, 90, 
type_1_num: 275; type_2_num: 261
91, 90, 76, 
76, 77, 91, 
type_1_num: 276; type_2_num: 261
92, 91, 105, 104, 103, 117, 
117, 118, 104, 90, 91, 92, 
type_1_num: 277; type_2_num: 261
93, 107, 108, 109, 
109, 95, 94, 93, 
type_1_num: 278; type_2_num: 261
94, 93, 79, 
79, 93, 94, 
type_1_num: 279; type_2_num: 261
95, 94, 80, 66, 52, 
96, 95, 94, 108, 122, 136, 
97, 111, 125, 124, 123, 122, 
122, 108, 94, 95, 96, 97, 
type_1_num: 280; type_2_num: 261
98, 99, 100, 101, 115, 
115, 114, 113, 112, 98, 
type_1_num: 281; type_2_num: 261
99, 85, 84, 70, 56, 
56, 70, 84, 98, 99, 
type_1_num: 282; type_2_num: 261
100, 99, 113, 
113, 99, 100, 
type_1_num: 283; type_2_num: 261
103, 104, 90, 76, 62, 
62, 61, 75, 89, 103, 
type_1_num: 284; type_2_num: 261
104, 105, 91, 92, 
92, 91, 105, 104, 
type_1_num: 285; type_2_num: 261
105, 106, 107, 108, 122, 
106, 105, 91, 90, 76, 
76, 77, 78, 92, 106, 
type_1_num: 286; type_2_num: 261
107, 108, 94, 95, 96, 
96, 95, 94, 93, 107, 
type_1_num: 287; type_2_num: 261
109, 108, 107, 106, 120, 
120, 106, 107, 108, 109, 
type_1_num: 288; type_2_num: 261
110, 109, 95, 94, 93, 79, 
79, 93, 94, 95, 96, 110, 
type_1_num: 289; type_2_num: 261
111, 110, 124, 
124, 125, 111, 
type_1_num: 290; type_2_num: 261
112, 126, 140, 154, 155, 
155, 154, 140, 126, 112, 
type_1_num: 291; type_2_num: 261
113, 112, 98, 
98, 99, 113, 
type_1_num: 292; type_2_num: 261
117, 116, 102, 101, 
101, 102, 103, 117, 
type_1_num: 293; type_2_num: 261
118, 132, 146, 160, 159, 158, 157, 
157, 158, 159, 160, 146, 132, 118, 
type_1_num: 294; type_2_num: 261
119, 105, 104, 103, 89, 75, 74, 
74, 88, 89, 90, 104, 105, 119, 
type_1_num: 295; type_2_num: 261
120, 119, 105, 104, 90, 76, 
76, 90, 91, 105, 119, 120, 
type_1_num: 296; type_2_num: 261
124, 125, 139, 153, 
153, 152, 138, 124, 
type_1_num: 297; type_2_num: 261
125, 111, 110, 109, 95, 81, 
81, 82, 83, 97, 111, 125, 
type_1_num: 298; type_2_num: 261
126, 127, 113, 99, 100, 86, 87, 
127, 141, 155, 156, 157, 
157, 156, 142, 141, 127, 
157, 156, 155, 141, 127, 
type_1_num: 298; type_2_num: 262
128, 142, 143, 144, 145, 159, 
159, 158, 157, 156, 142, 128, 
159, 158, 157, 156, 142, 128, 
type_1_num: 298; type_2_num: 263
130, 116, 115, 114, 
131, 130, 116, 115, 
132, 133, 119, 120, 121, 
121, 120, 119, 133, 132, 
133, 147, 148, 162, 163, 
163, 162, 161, 147, 133, 
163, 162, 161, 147, 133, 
type_1_num: 298; type_2_num: 264
134, 135, 149, 163, 
163, 162, 148, 134, 
163, 162, 148, 134, 
type_1_num: 298; type_2_num: 265
135, 134, 133, 132, 146, 
146, 147, 148, 149, 135, 
146, 147, 148, 149, 135, 
type_1_num: 298; type_2_num: 266
137, 151, 150, 164, 163, 162, 
138, 124, 110, 109, 108, 
108, 109, 110, 124, 138, 
139, 125, 111, 110, 109, 
109, 110, 111, 125, 139, 
140, 126, 112, 113, 
113, 112, 126, 140, 
113, 112, 126, 140, 
type_1_num: 298; type_2_num: 267
141, 140, 126, 112, 98, 
98, 99, 113, 127, 141, 
98, 112, 113, 127, 141, 
type_1_num: 298; type_2_num: 268
142, 141, 140, 126, 112, 98, 
98, 112, 126, 127, 128, 142, 
98, 112, 126, 140, 141, 142, 
type_1_num: 298; type_2_num: 269
145, 131, 117, 116, 102, 
102, 116, 130, 131, 145, 
146, 132, 118, 119, 
119, 118, 132, 146, 
119, 118, 132, 146, 
type_1_num: 298; type_2_num: 270
147, 133, 119, 120, 121, 
149, 150, 164, 
164, 150, 149, 
164, 163, 149, 
type_1_num: 298; type_2_num: 271
150, 151, 152, 153, 139, 125, 111, 
111, 125, 124, 138, 152, 151, 150, 
111, 110, 124, 138, 152, 151, 150, 
type_1_num: 298; type_2_num: 272
151, 152, 138, 124, 
152, 153, 139, 125, 111, 
111, 125, 139, 138, 152, 
111, 125, 139, 138, 152, 
type_1_num: 298; type_2_num: 273
153, 139, 125, 124, 
124, 125, 139, 153, 
124, 125, 139, 153, 
type_1_num: 298; type_2_num: 274
154, 140, 141, 
141, 140, 154, 
141, 140, 154, 
type_1_num: 298; type_2_num: 275
155, 156, 142, 143, 129, 
156, 142, 143, 144, 130, 
130, 144, 143, 157, 156, 
157, 156, 155, 154, 140, 126, 
126, 140, 154, 155, 156, 157, 
126, 140, 154, 155, 156, 157, 
type_1_num: 298; type_2_num: 276
159, 145, 146, 147, 148, 134, 
134, 148, 162, 161, 160, 159, 
134, 133, 132, 146, 145, 159, 
type_1_num: 298; type_2_num: 277
160, 159, 145, 131, 
131, 132, 146, 160, 
131, 145, 146, 160, 
type_1_num: 298; type_2_num: 278
161, 162, 163, 164, 150, 
150, 149, 163, 162, 161, 
150, 149, 148, 147, 161, 
type_1_num: 298; type_2_num: 279
162, 161, 160, 146, 
146, 147, 161, 162, 
146, 160, 161, 162, 
type_1_num: 298; type_2_num: 280
163, 162, 161, 147, 
147, 161, 162, 163, 
147, 161, 162, 163, 
type_1_num: 298; type_2_num: 281
164, 163, 162, 148, 134, 120, 
120, 134, 148, 149, 163, 164, 
120, 121, 122, 136, 150, 164, 
type_1_num: 298; type_2_num: 282
165, 166, 152, 138, 124, 
124, 138, 152, 166, 165, 
167, 166, 165, 151, 
151, 152, 153, 167, 
151, 152, 153, 167, 
type_1_num: 298; type_2_num: 283
0, 1, 2, 3, 17, 31, 
31, 30, 29, 28, 14, 0, 
type_1_num: 299; type_2_num: 283
1, 15, 16, 17, 31, 
31, 30, 29, 15, 1, 
type_1_num: 300; type_2_num: 283
2, 3, 17, 31, 
31, 30, 16, 2, 
type_1_num: 301; type_2_num: 283
3, 17, 31, 
31, 17, 3, 
type_1_num: 302; type_2_num: 283
4, 3, 17, 31, 
31, 32, 18, 4, 
type_1_num: 303; type_2_num: 283
5, 4, 3, 17, 31, 
6, 5, 4, 3, 17, 31, 
7, 8, 9, 10, 24, 38, 
38, 24, 23, 22, 21, 7, 
type_1_num: 304; type_2_num: 283
8, 9, 10, 24, 38, 
38, 37, 36, 22, 8, 
type_1_num: 305; type_2_num: 283
9, 10, 24, 38, 
38, 37, 23, 9, 
type_1_num: 306; type_2_num: 283
10, 24, 38, 
38, 24, 10, 
type_1_num: 307; type_2_num: 283
11, 25, 39, 38, 
12, 11, 25, 39, 38, 
13, 12, 11, 25, 39, 38, 
14, 28, 29, 30, 31, 
16, 17, 31, 
17, 31, 
19, 33, 32, 31, 
20, 19, 33, 32, 31, 
21, 22, 23, 24, 38, 
38, 37, 36, 35, 21, 
type_1_num: 308; type_2_num: 283
22, 23, 24, 38, 
23, 24, 38, 
24, 38, 
38, 24, 
type_1_num: 309; type_2_num: 283
25, 39, 38, 
26, 25, 39, 38, 
27, 26, 25, 39, 38, 
28, 29, 30, 31, 
29, 30, 31, 
30, 31, 
32, 31, 
33, 32, 31, 
34, 33, 32, 31, 
39, 38, 
40, 39, 38, 
41, 40, 39, 38, 
42, 43, 44, 45, 
43, 44, 45, 
44, 45, 
49, 50, 51, 52, 
50, 51, 52, 
52, 51, 50, 
51, 52, 
52, 51, 
52, 51, 
type_1_num: 309; type_2_num: 284
56, 57, 43, 44, 45, 
57, 43, 44, 45, 
58, 59, 45, 
59, 45, 
45, 59, 
60, 59, 45, 
61, 60, 59, 45, 
62, 61, 60, 59, 45, 
70, 71, 57, 43, 44, 45, 
71, 57, 43, 44, 45, 
74, 60, 59, 45, 
75, 74, 60, 59, 45, 
84, 98, 112, 113, 114, 115, 
115, 114, 113, 112, 98, 84, 
type_1_num: 310; type_2_num: 284
87, 101, 115, 
88, 87, 101, 115, 
89, 103, 117, 116, 115, 
90, 89, 103, 117, 116, 115, 
91, 92, 106, 107, 108, 122, 
92, 106, 107, 108, 122, 
94, 108, 122, 
122, 108, 94, 
type_1_num: 311; type_2_num: 284
96, 110, 109, 123, 122, 
97, 96, 110, 109, 123, 122, 
100, 101, 115, 
115, 114, 100, 
type_1_num: 312; type_2_num: 284
103, 117, 116, 115, 
105, 106, 107, 121, 122, 
106, 107, 108, 122, 
107, 108, 122, 
122, 121, 107, 
type_1_num: 313; type_2_num: 284
109, 123, 122, 
110, 109, 123, 122, 
122, 123, 124, 110, 
type_1_num: 314; type_2_num: 284
116, 115, 
115, 116, 
type_1_num: 315; type_2_num: 284
128, 129, 
142, 143, 129, 
143, 129, 
144, 143, 129, 
145, 144, 143, 129, 
154, 155, 156, 142, 143, 129, 
155, 156, 142, 143, 129, 
156, 142, 143, 129, 
0, 1, 2, 16, 30, 
30, 16, 15, 14, 0, 
type_1_num: 316; type_2_num: 284
1, 2, 3, 17, 31, 
2, 1, 0, 14, 28, 42, 
42, 28, 14, 15, 1, 2, 
type_1_num: 317; type_2_num: 284
3, 4, 5, 19, 33, 
33, 19, 5, 4, 3, 
type_1_num: 318; type_2_num: 284
4, 5, 6, 20, 
20, 6, 5, 4, 
type_1_num: 319; type_2_num: 284
5, 4, 18, 
18, 4, 5, 
type_1_num: 320; type_2_num: 284
6, 5, 19, 
19, 5, 6, 
type_1_num: 321; type_2_num: 284
7, 8, 9, 10, 24, 
24, 23, 22, 21, 7, 
type_1_num: 322; type_2_num: 284
8, 7, 6, 5, 19, 
19, 20, 6, 7, 8, 
type_1_num: 323; type_2_num: 284
9, 8, 7, 6, 20, 
20, 21, 22, 23, 9, 
type_1_num: 324; type_2_num: 284
10, 11, 12, 26, 
26, 25, 11, 10, 
type_1_num: 325; type_2_num: 284
11, 10, 9, 8, 22, 
22, 8, 9, 10, 11, 
type_1_num: 326; type_2_num: 284
13, 12, 11, 10, 24, 
24, 25, 26, 27, 13, 
type_1_num: 327; type_2_num: 284
14, 15, 29, 43, 44, 
44, 30, 16, 15, 14, 
type_1_num: 328; type_2_num: 284
15, 16, 30, 44, 58, 59, 
18, 17, 16, 15, 1, 
1, 2, 3, 4, 18, 
type_1_num: 329; type_2_num: 284
19, 20, 21, 22, 36, 50, 
50, 49, 35, 34, 33, 19, 
type_1_num: 330; type_2_num: 284
20, 6, 7, 
7, 6, 20, 
type_1_num: 331; type_2_num: 284
21, 20, 19, 33, 32, 
22, 21, 35, 49, 63, 
63, 49, 50, 36, 22, 
type_1_num: 332; type_2_num: 284
26, 27, 41, 55, 
55, 41, 40, 26, 
type_1_num: 333; type_2_num: 284
28, 42, 56, 57, 58, 72, 
72, 71, 70, 56, 42, 28, 
type_1_num: 334; type_2_num: 284
29, 30, 16, 17, 18, 
32, 33, 34, 48, 62, 76, 77, 
77, 63, 62, 61, 47, 33, 32, 
type_1_num: 335; type_2_num: 284
33, 47, 61, 60, 59, 
59, 60, 46, 32, 33, 
type_1_num: 336; type_2_num: 284
34, 33, 19, 5, 
5, 6, 20, 34, 
type_1_num: 337; type_2_num: 284
35, 49, 63, 77, 78, 79, 
79, 78, 77, 63, 49, 35, 
type_1_num: 338; type_2_num: 284
36, 35, 34, 20, 19, 
19, 20, 21, 22, 36, 
type_1_num: 339; type_2_num: 284
37, 23, 22, 21, 
21, 35, 36, 37, 
type_1_num: 340; type_2_num: 284
40, 54, 68, 82, 81, 
41, 55, 69, 83, 82, 
82, 83, 69, 55, 41, 
type_1_num: 341; type_2_num: 284
42, 56, 57, 58, 72, 73, 
48, 47, 61, 75, 74, 
74, 75, 76, 62, 48, 
49, 63, 77, 91, 92, 93, 94, 
94, 93, 92, 91, 77, 63, 49, 
94, 93, 92, 91, 77, 63, 49, 
type_1_num: 341; type_2_num: 285
50, 49, 48, 34, 
34, 35, 36, 50, 
34, 35, 36, 50, 
type_1_num: 341; type_2_num: 286
55, 41, 40, 26, 12, 11, 
11, 12, 13, 27, 41, 55, 
11, 12, 13, 27, 41, 55, 
type_1_num: 341; type_2_num: 287
56, 57, 58, 72, 73, 87, 
57, 58, 72, 73, 
73, 72, 71, 57, 
73, 72, 71, 57, 
type_1_num: 341; type_2_num: 288
58, 57, 71, 85, 
85, 71, 72, 58, 
85, 71, 57, 58, 
type_1_num: 341; type_2_num: 289
59, 58, 72, 86, 85, 
85, 71, 57, 58, 59, 
85, 71, 57, 58, 59, 
type_1_num: 341; type_2_num: 290
60, 74, 75, 
75, 74, 60, 
75, 74, 60, 
type_1_num: 341; type_2_num: 291
61, 75, 76, 90, 91, 92, 106, 
106, 105, 104, 103, 89, 75, 61, 
106, 105, 104, 103, 89, 75, 61, 
type_1_num: 341; type_2_num: 292
62, 61, 75, 74, 88, 87, 101, 
63, 64, 65, 79, 80, 
64, 63, 62, 61, 75, 89, 103, 
103, 104, 90, 76, 77, 78, 64, 
103, 89, 90, 91, 92, 78, 64, 
type_1_num: 341; type_2_num: 293
67, 66, 80, 79, 
79, 80, 81, 67, 
69, 83, 97, 96, 110, 
110, 96, 97, 83, 69, 
110, 111, 97, 83, 69, 
type_1_num: 341; type_2_num: 294
70, 71, 85, 99, 113, 
113, 99, 98, 84, 70, 
113, 112, 98, 84, 70, 
type_1_num: 341; type_2_num: 295
74, 75, 61, 47, 
47, 61, 75, 74, 
47, 61, 75, 74, 
type_1_num: 341; type_2_num: 296
76, 90, 89, 88, 87, 
87, 88, 89, 90, 76, 
77, 76, 75, 61, 
61, 62, 76, 77, 
61, 62, 76, 77, 
type_1_num: 341; type_2_num: 297
80, 79, 78, 64, 
81, 80, 79, 78, 64, 
82, 81, 95, 94, 93, 107, 
107, 93, 94, 95, 96, 82, 
83, 82, 96, 110, 
110, 96, 97, 83, 
110, 111, 97, 83, 
type_1_num: 341; type_2_num: 298
84, 85, 86, 72, 
72, 86, 85, 84, 
type_1_num: 342; type_2_num: 298
89, 90, 76, 62, 48, 
48, 62, 76, 75, 89, 
type_1_num: 343; type_2_num: 298
90, 91, 105, 106, 107, 121, 
92, 91, 77, 63, 49, 
49, 63, 64, 78, 92, 
type_1_num: 344; type_2_num: 298
93, 94, 95, 81, 
81, 95, 94, 93, 
type_1_num: 345; type_2_num: 298
94, 95, 81, 67, 
104, 103, 102, 116, 130, 
130, 131, 132, 118, 104, 
type_1_num: 346; type_2_num: 298
105, 104, 90, 
90, 91, 105, 
type_1_num: 347; type_2_num: 298
106, 105, 104, 103, 117, 
107, 121, 120, 134, 
134, 135, 121, 107, 
type_1_num: 348; type_2_num: 298
108, 107, 121, 135, 
109, 123, 124, 138, 
138, 124, 123, 109, 
type_1_num: 349; type_2_num: 298
110, 111, 125, 139, 
139, 125, 111, 110, 
type_1_num: 350; type_2_num: 298
118, 119, 105, 
105, 104, 118, 
type_1_num: 351; type_2_num: 298
120, 119, 105, 91, 77, 
77, 78, 92, 106, 120, 
type_1_num: 352; type_2_num: 298
125, 139, 138, 152, 166, 
166, 167, 153, 139, 125, 
type_1_num: 353; type_2_num: 298
128, 142, 143, 144, 
130, 131, 145, 146, 
146, 145, 144, 130, 
132, 133, 147, 148, 
135, 149, 148, 147, 146, 
146, 147, 148, 149, 135, 
138, 124, 125, 111, 
139, 153, 152, 151, 
151, 152, 153, 139, 
151, 152, 153, 139, 
type_1_num: 353; type_2_num: 299
141, 127, 128, 
128, 127, 141, 
128, 127, 141, 
type_1_num: 353; type_2_num: 300
145, 131, 117, 116, 
116, 130, 131, 145, 
146, 147, 133, 119, 
119, 118, 132, 146, 
119, 133, 132, 146, 
type_1_num: 353; type_2_num: 301
147, 146, 132, 118, 
118, 132, 133, 147, 
118, 119, 133, 147, 
type_1_num: 353; type_2_num: 302
149, 163, 162, 161, 
161, 162, 163, 149, 
161, 162, 163, 149, 
type_1_num: 353; type_2_num: 303
151, 165, 166, 167, 
167, 166, 165, 151, 
167, 153, 152, 151, 
type_1_num: 353; type_2_num: 304
153, 139, 125, 124, 123, 
123, 137, 151, 152, 153, 
155, 156, 142, 143, 144, 130, 
160, 159, 158, 144, 
161, 160, 146, 132, 118, 
118, 132, 146, 160, 161, 
118, 119, 133, 147, 161, 
type_1_num: 353; type_2_num: 305
162, 163, 149, 150, 
150, 164, 163, 162, 
166, 167, 153, 139, 
139, 153, 152, 166, 
139, 138, 152, 166, 
type_1_num: 353; type_2_num: 306
167, 153, 139, 125, 124, 
124, 138, 152, 153, 167, 
0, 14, 28, 29, 
29, 15, 1, 0, 
type_1_num: 354; type_2_num: 306
1, 2, 3, 17, 
17, 3, 2, 1, 
type_1_num: 355; type_2_num: 306
2, 3, 17, 31, 
3, 4, 5, 6, 20, 
20, 6, 5, 4, 3, 
type_1_num: 356; type_2_num: 306
5, 4, 18, 32, 46, 
6, 7, 8, 22, 23, 37, 51, 
7, 21, 35, 34, 
34, 35, 21, 7, 
type_1_num: 357; type_2_num: 306
8, 7, 6, 20, 34, 
34, 35, 21, 22, 8, 
type_1_num: 358; type_2_num: 306
9, 23, 22, 21, 35, 49, 
10, 11, 12, 13, 27, 41, 55, 
11, 10, 9, 8, 22, 36, 50, 
50, 36, 37, 23, 24, 25, 11, 
type_1_num: 359; type_2_num: 306
14, 28, 42, 43, 57, 
57, 43, 29, 28, 14, 
type_1_num: 360; type_2_num: 306
15, 16, 30, 44, 45, 59, 
16, 15, 29, 
29, 15, 16, 
type_1_num: 361; type_2_num: 306
21, 35, 49, 48, 62, 
22, 21, 35, 49, 63, 
63, 49, 50, 36, 22, 
type_1_num: 362; type_2_num: 306
25, 26, 40, 54, 
54, 40, 39, 25, 
type_1_num: 363; type_2_num: 306
26, 40, 54, 68, 67, 66, 65, 
27, 41, 40, 54, 68, 67, 
28, 14, 15, 1, 2, 3, 
3, 2, 1, 0, 14, 28, 
type_1_num: 364; type_2_num: 306
30, 44, 45, 46, 
34, 33, 19, 5, 
5, 6, 20, 34, 
type_1_num: 365; type_2_num: 306
35, 49, 48, 62, 76, 
36, 50, 51, 65, 66, 
40, 54, 55, 69, 83, 
83, 69, 55, 41, 40, 
type_1_num: 366; type_2_num: 306
41, 40, 54, 68, 82, 
82, 83, 69, 55, 41, 
type_1_num: 367; type_2_num: 306
42, 56, 57, 58, 
43, 44, 45, 59, 60, 
44, 43, 29, 
29, 30, 44, 
29, 30, 44, 
type_1_num: 367; type_2_num: 307
49, 35, 36, 37, 
56, 42, 28, 14, 15, 16, 17, 
57, 56, 42, 28, 
28, 42, 56, 57, 
28, 42, 43, 57, 
type_1_num: 367; type_2_num: 308
61, 47, 46, 32, 
63, 64, 65, 79, 93, 107, 
67, 66, 80, 79, 78, 
69, 55, 41, 40, 
40, 41, 55, 69, 
40, 41, 55, 69, 
type_1_num: 367; type_2_num: 309
72, 86, 85, 
73, 87, 86, 100, 114, 
75, 74, 88, 87, 
87, 88, 89, 75, 
77, 78, 79, 65, 
65, 64, 78, 77, 
79, 93, 107, 106, 
106, 92, 93, 79, 
106, 107, 93, 79, 
type_1_num: 367; type_2_num: 310
81, 80, 94, 108, 
86, 85, 99, 98, 112, 
112, 98, 84, 85, 86, 
type_1_num: 368; type_2_num: 310
87, 88, 89, 103, 117, 
88, 87, 86, 100, 114, 
89, 103, 102, 101, 
101, 102, 103, 89, 
type_1_num: 369; type_2_num: 310
91, 90, 104, 103, 102, 116, 130, 
92, 91, 105, 104, 103, 117, 
93, 92, 91, 105, 104, 
104, 105, 106, 92, 93, 
type_1_num: 370; type_2_num: 310
96, 97, 111, 125, 
125, 111, 110, 96, 
type_1_num: 371; type_2_num: 310
97, 83, 82, 68, 54, 
54, 68, 69, 83, 97, 
type_1_num: 372; type_2_num: 310
101, 102, 88, 
88, 87, 101, 
type_1_num: 373; type_2_num: 310
102, 116, 117, 
117, 116, 102, 
type_1_num: 374; type_2_num: 310
103, 104, 90, 76, 
76, 75, 89, 103, 
type_1_num: 375; type_2_num: 310
104, 105, 106, 107, 121, 
105, 106, 107, 121, 
111, 97, 83, 82, 81, 80, 
117, 118, 119, 133, 
133, 119, 118, 117, 
type_1_num: 376; type_2_num: 310
119, 120, 121, 135, 149, 
149, 135, 121, 120, 119, 
type_1_num: 377; type_2_num: 310
126, 112, 98, 84, 85, 
85, 84, 98, 112, 126, 
85, 84, 98, 112, 126, 
type_1_num: 377; type_2_num: 311
131, 145, 144, 158, 
138, 124, 125, 
125, 124, 138, 
142, 143, 157, 
157, 156, 142, 
157, 156, 142, 
type_1_num: 377; type_2_num: 312
145, 144, 143, 157, 
148, 149, 135, 121, 
154, 155, 141, 142, 128, 
128, 142, 156, 155, 154, 
128, 127, 126, 140, 154, 
type_1_num: 377; type_2_num: 313
155, 141, 142, 
142, 156, 155, 
142, 156, 155, 
type_1_num: 377; type_2_num: 314
157, 156, 155, 141, 140, 126, 
126, 127, 141, 155, 156, 157, 
160, 159, 158, 144, 
162, 161, 147, 133, 
133, 147, 161, 162, 
133, 147, 161, 162, 
type_1_num: 377; type_2_num: 315
166, 165, 151, 137, 
137, 151, 165, 166, 
167, 166, 165, 151, 
151, 152, 153, 167, 
151, 165, 166, 167, 
type_1_num: 377; type_2_num: 316
0, 1, 15, 29, 30, 
30, 29, 28, 14, 0, 
type_1_num: 378; type_2_num: 316
2, 16, 17, 
17, 16, 2, 
type_1_num: 379; type_2_num: 316
3, 2, 1, 0, 14, 28, 
5, 4, 18, 32, 46, 
6, 5, 4, 3, 17, 
7, 8, 22, 23, 
23, 22, 21, 7, 
type_1_num: 380; type_2_num: 316
8, 9, 10, 24, 25, 
25, 24, 10, 9, 8, 
type_1_num: 381; type_2_num: 316
9, 8, 7, 21, 35, 49, 48, 
10, 24, 25, 26, 40, 
40, 26, 25, 11, 10, 
type_1_num: 382; type_2_num: 316
11, 10, 9, 8, 22, 
22, 23, 24, 25, 11, 
type_1_num: 383; type_2_num: 316
16, 30, 44, 45, 46, 
18, 19, 5, 6, 7, 
7, 6, 5, 4, 18, 
type_1_num: 384; type_2_num: 316
20, 21, 35, 36, 50, 
23, 9, 10, 11, 12, 
12, 11, 10, 9, 23, 
type_1_num: 385; type_2_num: 316
26, 27, 13, 
13, 12, 26, 
type_1_num: 386; type_2_num: 316
27, 41, 55, 54, 68, 
68, 54, 40, 41, 27, 
type_1_num: 387; type_2_num: 316
35, 49, 48, 
48, 49, 35, 
type_1_num: 388; type_2_num: 316
37, 23, 22, 
22, 36, 37, 
type_1_num: 389; type_2_num: 316
39, 25, 26, 27, 
27, 26, 25, 39, 
type_1_num: 390; type_2_num: 316
42, 28, 14, 15, 1, 
1, 0, 14, 28, 42, 
1, 0, 14, 28, 42, 
type_1_num: 390; type_2_num: 317
43, 42, 56, 
56, 42, 43, 
56, 57, 43, 
type_1_num: 390; type_2_num: 318
47, 61, 62, 63, 
48, 47, 33, 32, 
49, 48, 47, 33, 19, 
57, 56, 42, 
42, 56, 57, 
42, 56, 57, 
type_1_num: 390; type_2_num: 319
63, 49, 50, 
64, 65, 79, 
79, 78, 64, 
68, 69, 83, 97, 111, 
70, 71, 57, 
77, 76, 62, 61, 
82, 96, 97, 
97, 96, 82, 
97, 83, 82, 
type_1_num: 390; type_2_num: 320
89, 90, 91, 105, 106, 120, 134, 
90, 91, 77, 78, 
78, 92, 91, 90, 
type_1_num: 391; type_2_num: 320
91, 90, 76, 
76, 90, 91, 
type_1_num: 392; type_2_num: 320
93, 94, 95, 109, 
94, 93, 79, 
79, 80, 94, 
type_1_num: 393; type_2_num: 320
99, 98, 84, 70, 56, 
56, 70, 84, 98, 99, 
type_1_num: 394; type_2_num: 320
103, 104, 90, 76, 62, 
62, 76, 90, 89, 103, 
type_1_num: 395; type_2_num: 320
104, 105, 106, 92, 
106, 105, 104, 90, 76, 
111, 110, 124, 
124, 125, 111, 
type_1_num: 396; type_2_num: 320
112, 126, 140, 141, 155, 
155, 141, 140, 126, 112, 
type_1_num: 397; type_2_num: 320
113, 99, 98, 
98, 112, 113, 
type_1_num: 398; type_2_num: 320
120, 119, 105, 104, 90, 76, 
127, 141, 155, 156, 157, 
157, 156, 142, 128, 127, 
128, 142, 143, 144, 145, 159, 
146, 132, 118, 119, 
119, 118, 132, 146, 
149, 150, 164, 
164, 163, 149, 
152, 153, 139, 125, 111, 
153, 139, 125, 124, 
154, 155, 141, 
141, 140, 154, 
141, 155, 154, 
type_1_num: 398; type_2_num: 321
160, 146, 145, 131, 
131, 145, 159, 160, 
131, 145, 146, 160, 
type_1_num: 398; type_2_num: 322
162, 161, 160, 146, 
146, 160, 161, 162, 
146, 147, 148, 162, 
type_1_num: 398; type_2_num: 323
163, 162, 161, 147, 
147, 148, 162, 163, 
167, 166, 152, 151, 
0, 1, 2, 16, 30, 
5, 4, 18, 
18, 19, 5, 
type_1_num: 399; type_2_num: 323
6, 5, 19, 
19, 20, 6, 
type_1_num: 400; type_2_num: 323
7, 8, 9, 10, 24, 
24, 23, 9, 8, 7, 
type_1_num: 401; type_2_num: 323
8, 7, 6, 5, 19, 
9, 8, 7, 21, 20, 
20, 21, 7, 8, 9, 
type_1_num: 402; type_2_num: 323
10, 11, 12, 26, 
26, 12, 11, 10, 
type_1_num: 403; type_2_num: 323
13, 12, 26, 25, 24, 
20, 21, 7, 
7, 6, 20, 
type_1_num: 404; type_2_num: 323
37, 23, 22, 21, 
21, 22, 23, 37, 
type_1_num: 405; type_2_num: 323
50, 49, 35, 34, 
57, 58, 59, 73, 
58, 72, 86, 85, 
85, 71, 57, 58, 
93, 94, 95, 81, 
104, 103, 102, 116, 130, 
105, 104, 90, 
90, 91, 105, 
type_1_num: 406; type_2_num: 323
107, 106, 120, 134, 
110, 111, 125, 139, 
118, 104, 105, 
105, 104, 118, 
type_1_num: 407; type_2_num: 323
166, 152, 138, 139, 
139, 153, 167, 166, 
139, 153, 167, 166, 
type_1_num: 407; type_2_num: 324
0, 14, 28, 29, 
29, 15, 14, 0, 
type_1_num: 408; type_2_num: 324
1, 2, 3, 17, 
7, 6, 20, 34, 
8, 7, 6, 20, 34, 
16, 30, 29, 
44, 43, 29, 
69, 68, 54, 40, 
89, 88, 87, 101, 
96, 97, 111, 125, 
102, 103, 117, 
117, 116, 102, 
type_1_num: 409; type_2_num: 324
103, 104, 90, 76, 
76, 90, 89, 103, 
type_1_num: 410; type_2_num: 324
142, 143, 157, 
157, 156, 142, 
154, 155, 156, 142, 128, 
155, 156, 142, 
142, 141, 155, 
167, 166, 152, 151, 
0, 1, 2, 16, 30, 
2, 3, 17, 
7, 8, 22, 23, 
8, 9, 10, 11, 25, 
10, 11, 12, 26, 40, 
23, 9, 10, 11, 12, 
12, 11, 10, 9, 23, 
type_1_num: 411; type_2_num: 324
26, 27, 13, 
13, 12, 26, 
type_1_num: 412; type_2_num: 324
27, 41, 55, 69, 68, 
39, 40, 26, 27, 
27, 26, 25, 39, 
type_1_num: 413; type_2_num: 324
43, 57, 56, 
82, 96, 97, 
97, 83, 82, 
97, 83, 82, 
type_1_num: 413; type_2_num: 325
90, 91, 77, 78, 
91, 90, 76, 
76, 90, 91, 
type_1_num: 414; type_2_num: 325
111, 125, 124, 
124, 125, 111, 
type_1_num: 415; type_2_num: 325
112, 126, 140, 154, 155, 
113, 112, 98, 
98, 99, 113, 
type_1_num: 416; type_2_num: 325
154, 155, 141, 
141, 140, 154, 
141, 140, 154, 
type_1_num: 416; type_2_num: 326
160, 159, 145, 131, 
131, 132, 146, 160, 
131, 145, 159, 160, 
type_1_num: 416; type_2_num: 327
5, 4, 18, 
18, 4, 5, 
type_1_num: 417; type_2_num: 327
7, 8, 9, 10, 24, 
9, 8, 7, 6, 20, 
20, 21, 7, 
7, 6, 20, 
type_1_num: 418; type_2_num: 327
105, 104, 90, 
90, 104, 105, 
type_1_num: 419; type_2_num: 327
166, 167, 153, 139, 
0, 14, 15, 29, 
29, 28, 14, 0, 
type_1_num: 420; type_2_num: 327
102, 116, 117, 
117, 103, 102, 
type_1_num: 421; type_2_num: 327
26, 12, 13, 
13, 12, 26, 
type_1_num: 422; type_2_num: 327
39, 25, 26, 27, 
27, 26, 25, 39, 
type_1_num: 423; type_2_num: 327
91, 77, 76, 
113, 112, 98, 
154, 155, 141, 
141, 140, 154, 
5, 4, 18, 
18, 4, 5, 
type_1_num: 424; type_2_num: 327
20, 6, 7, 
7, 6, 20, 
type_1_num: 425; type_2_num: 327
105, 104, 90, 
90, 91, 105, 
type_1_num: 426; type_2_num: 327
102, 116, 117, 
26, 12, 13, 
13, 12, 26, 
type_1_num: 427; type_2_num: 327
26, 27, 13, 
13, 12, 26, 
type_1_num: 428; type_2_num: 327
26, 12, 13, 
13, 12, 26, 
type_1_num: 429; type_2_num: 327
26, 27, 13, 
13, 12, 26, 
type_1_num: 430; type_2_num: 327
End of routing algorithm. Slot_size: 64
End of inform recording. 

46.025%

