0 31 30 29 30 
1 31 31 17 44 
2 31 42 31 17 
3 31 33 20 28 
4 31 20 45 44 
5 31 18 46 46 
6 31 19 51 17 
7 38 24 34 23 
8 38 19 34 25 
9 38 20 49 48 
10 38 26 55 40 
11 38 22 50 22 
12 38 53 53 52 
13 38 24 38 53 
14 31 44 57 44 
15 31 59 59 45 
16 31 47 29 46 
17 31 57 44 32 
18 31 1 57 7 
19 31 50 62 44 
20 31 7 60 50 
21 38 32 62 61 
22 38 63 63 66 
23 38 68 54 12 
24 38 53 36 65 
25 38 66 54 36 
26 38 55 65 13 
27 38 53 67 68 
28 31 72 3 3 
29 31 18 45 74 
30 31 75 46 0 
32 31 77 2 62 
33 31 59 74 2 
34 31 5 5 19 
35 38 79 76 48 
36 38 19 66 80 
37 38 21 80 22 
39 38 79 78 27 
40 38 81 83 79 
41 38 82 82 67 
42 45 73 58 1 
43 45 74 60 56 
44 45 87 29 56 
46 45 1 86 31 
47 45 3 21 63 
48 45 74 17 32 
49 52 94 37 19 
50 52 34 94 65 
51 52 96 80 80 
53 52 23 64 82 
54 52 24 80 80 
55 52 11 66 11 
56 45 87 17 86 
57 45 73 28 42 
58 45 85 46 87 
59 45 85 18 48 
60 45 75 91 86 
61 45 106 32 74 
62 45 101 45 17 
63 52 80 107 50 
64 52 103 51 79 
65 52 39 26 110 
66 52 109 53 23 
67 52 79 78 23 
68 52 108 109 111 
69 52 110 40 53 
70 45 113 101 57 
71 45 114 115 102 
72 45 89 85 45 
73 45 28 114 46 
74 45 47 99 48 
75 45 114 87 46 
76 45 87 87 37 
77 52 61 65 61 
78 52 122 52 37 
79 52 38 106 109 
80 52 64 51 53 
81 52 64 108 50 
82 52 107 38 97 
83 52 110 66 54 
84 115 72 129 114 
85 115 116 74 59 
86 115 43 112 46 
87 115 56 117 130 
88 115 44 114 47 
89 115 48 101 134 
90 115 121 129 78 
91 122 122 130 76 
92 122 49 117 117 
93 122 81 104 109 
94 122 67 138 79 
95 122 134 139 52 
96 122 122 125 136 
97 122 53 54 122 
98 115 115 142 115 
99 115 130 60 56 
100 115 144 141 113 
101 115 140 88 146 
102 115 72 117 71 
103 115 129 76 62 
104 115 130 121 92 
105 122 90 121 122 
106 122 117 151 76 
107 122 134 152 96 
108 122 135 82 64 
109 122 138 78 120 
110 122 139 121 79 
111 122 136 80 124 
112 115 72 129 155 
113 115 102 158 98 
114 115 159 157 159 
116 115 133 161 155 
117 115 92 133 101 
118 115 105 144 157 
119 122 130 149 74 
120 122 77 163 76 
121 122 80 82 152 
123 122 79 111 134 
124 122 107 163 153 
125 122 166 82 81 
126 129 143 85 87 
127 129 158 86 157 
128 129 144 117 159 
130 129 146 113 114 
131 129 148 158 115 
132 129 148 87 121 
133 136 144 93 163 
134 136 123 123 163 
135 136 146 96 146 
137 136 148 108 162 
138 136 111 125 108 
139 136 151 94 109 
140 129 115 101 113 
141 129 128 116 98 
142 129 117 157 98 
143 129 117 131 99 
144 129 161 99 132 
145 129 116 157 102 
146 129 119 120 119 
147 136 118 117 121 
148 136 109 121 109 
149 136 161 138 164 
150 136 105 109 111 
151 136 167 120 124 
152 136 135 107 111 
153 136 123 108 124 
154 129 115 128 141 
155 129 130 142 129 
156 129 131 117 130 
157 129 144 126 126 
158 129 113 115 117 
159 129 148 128 134 
160 129 144 144 131 
161 136 118 150 150 
162 136 150 133 146 
163 136 133 136 147 
164 136 125 148 120 
165 136 136 120 124 
166 136 139 137 136 
167 136 124 151 151 
