00005252522300353500250035000023000000530000000000323500230035230000235253005253250000002352352352000053350035000000232300350000
00255254424243523452003500540052320025325225250000002445002400002452520000423432420024000024004235534335005252005454003235003535
00005253423542430043354200000035244242242442420024520024000024255225524342325243544543240000230025420035520000424200533500420024
00355353433243234335232552422452523424424525544542542542542400340000420043234345435400522432240052005343000043252342432325340045
23005253232432452424353234354243344242240043000024004334004300000000232443005225002354232442324223004200002454003554244323323523
35005454422324344552250032450023433400434235245300520000350023352424000000240054425434523235544245423534430000352452242300545445
00003254540043353452234300544523000000233432430000352543240024542300323400000000230043230043422300430045000034002454004323233523
35005252452335325425254235540000522400350000004534322400540024520000350042532400005452350024520045353235250054235200545435540035
00005254424235343442003500430054352342520000000054350042243200000042230024004500320025544252235243002400422425000023420000230035
35005253420042430000354532000024530000234342230000325400004532422400544200000035240042352400424234425254243245243200002442002323
00355353430043234335232552244200002400522425254252000042002524004242002553432423000024234200522543433443432400425324420024244300
00000053232452532424325400354224452554343442000000434224544552002524424534245200542452520034450042000054002500543542242442350000
00005454232324344223350045540034430000000035534323340000430034344232002445002324420000004242320000324334230023235454004523004500
00005454540000543500430000000000350035530035540000350000000000000054434554540000003543350000434345355445545400003500540000000035
00255253003131135223310000000000001300352512003121352532210013000013003213001353001323232152130052132100311235320000323113130000
00000000420031241331423252523100353134320000244324352400534200230032000031412300242424320035314334314312130000432341310041210024
00003521001443533113001242414243525200253442342334353200352400422332004124132424341332001345005213312300004254000031002412340000
00540031131213311313130013454351432443425324234523352354425154525245244254541515132513514552005224423552131325431324135115134531
00151500511315422151513100003134001500545442241324312300133545135442425215451334525253155113244353421543244231540035005131151500
00355352003124155243512535535231251513315413244324133100352152001535524342425352313541415425520031313442353113425225520000153100
51155252544131001524422515133432421351515413543115522334351352234151135242354342354215341515521342130015514300345243422541131515
00003253414135145224315342350000354142005332313154355342235425004132352535424313354123430000532141214200522300520014410042312100
00350053412121245231425352354113350000154332254100355451244353353224004215235142542332000024002415351254435242000042001324314315
15150054241453003112410042004235525213523415154113353400515200342500422425410024324123544224213200233251455251424352244200003135
15005435131213311313134513524325435243425342235223352300255224422554245245241215241342545415422421421313421213423442134200435331
00005300001313423113003135243242002131435443244324423415343534433442515452422400420035214224540045520042003241453543004123432323
00005200525115153145351452315254424213315453243113151543215113515235004354004342153443545152455135313243154515421515245224241500
00355353430041005335000013354100410045415413003100003400000053003535430013350031004100001300534113130000450031005445545400410000
00005321211300322113521335520053523152130031002152313553005200001531351500251553121300121313350013002115215100003121535335001313
35245400210024210041152541003141313143004324522152124225523213410013512435255352135145312145512154123453130012242115155252350000
21005400242421001314001500530000351351243124512141144145420042415224132400255113314334155224152132251343132424214532003100434354
00315454545115521525151515521552155415541554155115521552155245544554455425522552255215541554422421004254545415155215154213512415
00005332235200142541322531310042254200002300325100135341134213425315540024212445124252421334541343151325411325315252412534425200
42005451124534420024311545313413004154421300001341132113350023412342543424125121120045454342215121342131340000531534424221000041
00004300510043240042000021515215525200153541001534513123140024153213544113543143132145255400344524150015522135135252541343435215
41000053211400002100244125122123420042413131132152540000142313313153413500253134131400351313340012532324530042130035424135000000
15002400251224215400343124142142231343314324152100004224523151131235002453250015512300150000323124544223533213234300232143130031
24003400242421451300540054315400004551241324002151541335425142535224452400253154323532001331542341242313455400455424153521210000
15515454545115521525151515521552155415541554155115521552155245544554455425522552255242154554522454255252151551541500542415515415
15150052135331141341311251002542214200000013351331133141314221425312545324002445214200424554523442350051424221000034001300001513
00000053004231233100352124433452524100421251001335231352341325411542544324133451130000451542212141534253341343432352255225323500
00000053131413410034143100531335004343003541431431000000344331311300544113311353003553003434134513001313413554003400344335430041
15155253135132122525311535150021351300510015523131000023231253512135532500002353351300123100131323231500002351323223315313123500
00005300425224244543252531243131003535251335135243242431232334431224211354520000123113350043242431232324351312540042453100352143
15005253242442422424155425253113003451133500352424432424532323345400430015355143511545152424512424542323151515514551354554000015
00005454452554544545545452522552525225523554543554543554543553533552522552523552523554543554543554543553533552522552523552521551
00310054120013233123512124004545244242425142135300000015123213251534124343534242004242513535135235151553133134154343514242004242
42420035315443242154545131002453001252454542154235153115521442421521150043233235434335424253133135412100532300312313530000434300
00004343135424001200533554350053000021434235314531452352001341544345321421251552451515353143435354000054212554535213000000131515
35005235241353002525423500005335241321512552433514002523234131151331241441515300004115322123131523232414135313310013413200000035
00005400425224243131252545535400245114121553154224242431232325315415353523231335530054145141242454232331001313321513150013411515
31255225242442422424133125255453353500000045142424412424142323350013545431003131313553312424132424132323131300000041533552005235
43545454452554544545545452522552525225523554543554543554543553533552522552523552523554543554543554543553533552522552523552524554
52135254515213133135152524534545244242423142511551152115352525522534134343134242254242525331533153002535533534314343324242134242
42424335411321423114540021002412002335454542314254135114145334155342533551152415434315424243355234255113231253151313133141434300
00004343541313511541540054310014154531131300514515453100313100130000134134001531151351511343433415431431151531433100310000130013
00000052511212353100313552353135535253125351210000000000001515211253353512252100151221120000000015151313525151153152001521121200
45153553124223424252211551514231215235415445133512511235315415155315452424154521542123451542511535322113130042135231544132320045
00000000541342422442434231002431421231423112523535004313455113151534543112245224541235250000234324530045131323004125433535004242
45450000525354004243254334430000000041420041004541520051353521001515005421244531422431425431240031522531241313242521002532522525
35005235320041251413431335005300000052233242322313130041545335211525245400151514355341315445310014005441311414343524131324244541
13315100433445321253215232003535521423354254414341003500535452242435522331211515215315155221311315355223352113142300141413350013
35000053131313002441433113424500241342315115410000355200152454134154152443352400003151540000431515140024430024002313531500000015
00310052535234121231353552312443132500154331005215000034411515313554155254003500135100002500001315341313243114121351001523313123
00005200324231410042433554534214525252520000351235413552322115153131000000411515120014520052353535315413133135131343241325241300
00000000430042430021004312232121421242424242520000430024004145151525511251213131255142251242004215000013131313155421245412312100
00001300525253244232252434344223253541424341424241540051520021241515353421432431322431004531434231422531251313342421520034004300
00005315002441411414454225243412423531005342355243433135542443210052243514151514530042310031122514411441315114343100131342000015
13310054120031130023245435453253214245133135004352423514315452132431134213352535000015154124311342000000001315001251131313004213
43155300131345141400003135353400415300430013150051004141000054354315510014410000000000140031131515314513313551003113430000000015
00005300003121252121353121310000350013531332135200000000000000523131001225000035523535000000350000000000151521000000000000000000
21350053241424241300242300210000213535000021004212412100002300000042140052433223520043001323213100235200241515210012313100353525
00355400243453132424212415312453313531243531312524454254121352311221354235544235415242242453322413155412422415151331314212242400
00005400000054142424211354150015005400230024540000003131452345344253420000413200412454414324513545210024004342151500313454424500
25315152005224545400211515150000122451345115522523151514215323125200430043002154423152143135535435542135002131254325250015152145
00151551544115425400311231310054232142001324540041155435243512210045410034133500000045124100003154133124001423341400132154231431
00003500001315151241530012421424003152144335533100005452352435354215533100521231353532520043353512543525545312355324151413533135
00150000510012312121453135544542531513314332150052310054004131520000450031000042450013004242005152144521151535544500123131321531
15005100210024244221530012000012004300003100314521004152230031315242533552520000004300532121414125244351311515353515121342150045
35535435242415242513425252154215524253353532242300355412234200000000424251214242355254543553245400235200351515151553522142254500
15005454155424311200212145424231431342452424154523005452004323422151535443415115414225412400512415213500425100151554512443004500
00005200140000003434432531000041410054544135140031311515544224001241350035355232242114410024005400352100002141530024000015150000
25151500412500520014311551355352521321313515230031135153240025413512423112311454424525545152003554152524525300143553250015151521
00001534135315150041313131353500544343135413001500005400343100000000134345004500340043510000004114545131001541353435001513343400
00005231120000353121252135003100235300511312130012000023002321210025000000310031210000003100000032000025000053230023005232000000
23005200421343243424153500152431315252325252524235544254243452143235005251522412001500001351151500244513255423545151003131424231
45005251422442241312355154002131211221414145424242435400422123154125415234415242004500003100351432001423545352212100155200005441
00005354435443234335234554155400240025425215520041414254242145145223251351425252424252350031135352244200355454154121000000422300
00003553002400002435002300352400242100000042420042001454430000141400425313001541424241414200315412314235412500340000135254000041
23003554000024323124313154522454000015000035134542314231002353000023215241005313355242423231430031004214423135001323000013410015
21355253543535140042005214355241255200315331120013354124412100242431323512413121313500424141421221250052433143140052120031311412
00455200422100230021214235432400432113411232155145540054312454003252310042344323352323231242542442420000314335000021214145215400
00005254425443243423003514450024000031133132454500000054212113320021454213244554542400133214424332004143133131542400322400150000
00215213422442540053351332240052002121311200234100152424520013245345005400423154000021000000451242234113002324230024251245253100
00355354433143234335235400314254244215132452420054541552522442151323002512001343542552230000002421454524542432542432002453421524
00000053002421212400310013353453420024413235214143005234004342244124313125314224002400004224243100240024000034004214004200340042
35430054545424003123003152000000143141132435412313323515431431344231342100245254420000543421425400540032000031123500451200423500
00510000540013143131513131004300000054131514001500355141000000000034433413155100430043541300000043315300004151310045005151451545
00213535233131005235313531535200002513123200120012350000321300130053522135215253530031000035315253000035235200001313311300230000
00001400003231121331420052313134433100320042410045354551230041212534522442235225435232005200133252422400531500431331312425212354
00003500002353453143130042214235523200323542004300355412322424001324212442244223423231424132410024424242001300130024242454520000
15005254135213311313132413524325430043425342234523352324244542545424521425144225432142412542544213122145424300543424235252255243
41355325421323410054533135140042525300005442244224343400003513544523240042141534430024004100354134410042005143542423003415424200
41341500243141352121520052000052004243315400244115410000255200141435521352004100141551210000212313000021214254245252151500001543
00005421211224242300353142004225004100415400123125521400520053413121000041354121002400002424252523242421525412431335414100322321
00545452242424455213313553244215425315311200245345352142350041542135352100543124131324141414543434343100310042154300000054540045
23005454544231251331421452000000413541513415432324350000004124001554520052541200540031003515510000130031311513004132520000000000
00003552001453433153511242154232523100353524540015353200542352251300130041004353422352003225320052525213001300133215254241002400
00005251134213311313132113424300434243245315230023352354452452524252151500005224131342244213425242254342415352313425420024421331
35005353421300425154353131521545001451415453242524511334353553134141424100240000432400004521423442434235514253244253542142230045
23355215525241525241251535000041230000315414245131151523313113213135005443000034000021240052005243514552413431432354425421254100
00350053435341411441413535005400130000005413003100545353005400510031000013351535543413351500134100431353134154000035343443355453
31210021213515212131212353520013250031001500002152355132002300130013311323255300211213213100000000211223232313235100121300130013
15245451215424215424152121512441323115533524532152534254524513510000542435255415315413433231002415242424452413212115132342000024
21005400242421141354541514315351005141240024002135154100420042535224152400253551511532510024422424240024002424153214232300244224
45155454545115521525151515521552155415541554155115521552155245544554455425522552255215544554545445541554542521152424425413545452
00455200120000141341213512000042004200120053525131233541234252421500541324212445254213422100213500535354340024241321001342000021
25150051423145235452000025524525004135421545005443525453525335414342545424153435003554452442525353151500545453540035005200544551
15350000002443523121144200242342252352533541530052520042350041531232544153530000235334350000004543351500522323313513135152422400
25000054000000242141001454421454004100134335352152124143354300213153424531255400230012130051312121352154545343000000150034524343
25001535512424210000120000230041530021005324002115134242522453535335002442252400313531324554543224212113232323511500535223232442
21430054242421001315001445310051543131240024002131000054424342135224152414254553131351155145242424425424241331153213242434423400
15255454545115521525151515521552155415541554155115521552155245544554455425522552255215155454541552242442155121122424425225515443
00000000121352143141513552520042004200002500321200213141154200421312540024002445004213420031005454314213344554541342241345422114
00001525230043234223215300534242004114425325215445432131231531411342544324311552523525455242000052001321415200232413134234520041
00145400001413143431413553530000434315345441351554535400131335315300544100311351344143351500434515344313131414415131003100431341
35135231535300312525353535131353511253000000003123315323230000132115001500121300130051001300000023230000001313131313002300153115
00005300425224240000252535353131233231422313243213242413232334001323313253235142002331311313242400232300000000001224353515150000
00355235242442422424133125255453133554455443312424452424002323543513005431450054314353532424532424352323003551540053430015150000
00005454452554544545545452522552525225523554543554543554543553533552522552523552523554543554543554543553533552522552523552521552
00425254520053003521152524524545244242423542511221350013520013230034534343154242004242321531000000523113130034234343134242154242
42425241425343243214543535532442315300454542344235431352311442133553122331213521434335424242350053121342535400311335535253434335
00234343422441531200420054353500134221132312004513453100004300314214002442341213513113130043434100001242004131131323001515432331
13155254005342002525455345005353343524413112134323352123231331152554411252534353430015002115003123233500434335141300515324533524
00310000425224244352252525525215240013000000144334242415232334311312130000424131313154235251242453232335521513151535243513541515
00005213242442422424144125255441410000350000512424352424352323130015004353530043001413132424432424002323510041155400311531003535
52135454452554544545545452522552525225523554543554543554543553533552522552523552523554543554543554543553533552522552523552523552
00434354530021130021350024354545244242423142005331533500000000000034134343004242004242511500003123002123001534004343134242134242
42420000545213341515541523132413232323454542134223515215212515002323123123150031434300424223540034543500130032000013511313434300
13004343000051411531543554351414543113133135544553455414415114145300143145003100153100541343433113535335131515514531000035003513
23210015232112122121315252000015131232001331005100001323131515000015520000230052150012000000120000001313230000151513151321133123
00005454122324244242313151414251315215424531151235541232211315153151151442521315314123154332151542355413130053002131242525545434
00315254242442355221424312355321421212423142521500435435434521151525311325534142245235151312354112004521131334535424241212000031
00005454432300244200420045244223000041424241524341000051240021241515242521252431524231430031004231244331001313242421252500424200
45005354525421351352435442545335453521253545423142535435541400211414242414151525535142410000523451420032311414342414131315000042
13435300242341131221214200004113242400135100310043234115155431002414311231140035310015154100003542321343134114210000130012311313
15005414131300242412452121425424525215005215152431521300255154130052532135432531351300521513001515004342313452525315151552214313
00001323002424120024244252145141131341425324423115151443211515130054004224530012131215350041000031001313314215154242155431134213
43245254545200545442155325454225525235541342212342122425313115155252140013412151004325430015000000311313130000411531424200001231
43005352421523423535244325242300422142425424524124344142230023151512434224131212241552001212350013003535131325535125310041410024
35252513544342002442342454353524005341544241542341005451244521001515244521432431424231524231424231520031241313240021000031542525
24005213135214524114354153245235253531522324415221122413543525215453240014151552352542420041423545421442311452345253131314240014
13000000422100421342005400001412431314141342340014421343245400522451151523211324004215154545511341000045314215004200421400151413
00151554131343310041004100000031004331311515004300001443000054000041145451340031000000430051151515311513130015410000410041000000
00151500000015002100000000000000515212215200120000000000151512520000000052000015005200000052000000002500151515000000251521150015
00000052000024152121000000002152255425414500410042510000000021124242000052004100122500411500154124000000001515211400242500510000
00002500244124240000002124122425144221000000522500214212240012002142424200124214215242002152140000000000212415152414000025210021
24005452242415152554240024240045241500420024005442152400454254524252004245415445415254414515514200215454122554151500242400240000
00005454124124005400142415212421120021240041002554214212000000455242454252450000000012420021005400412124002142002424002415152400
12151515140042150014522454240000241442252114002400001515414200002100414200414100000000544241005154240024121514544554252114000000
15154500000015154224002442005400002454004554210000000000120024450015210012412115000000120000451400542151150045002454120000000000
00125252151552542554450000004224000012125421120000250025541245522415250024004212522115005245210054002100151524005200210042250012
00451545424224524200250000140000410025244245122442145121000054452442540052001224454242152412422124000000141515215400422400214500
00001200140041411442420052150000145400000024452145544500000014001500004212544212425254454154544541211500005415152114002442000000
00000000451500155100524141004200000000140054000025150000000000000000000000414515414242410000515400210000000024151554210000004100
00000000001515002100000042211221410000000000140000000021001200000000001200002100000000454521005400002100542100005400001215150000
00151552000024000000152400244252420012125100150000240000151500450000005224421500150000240052000054155124000000252500000000420000
00000000544115151554005400510000414145154545005400150000001500000000545100410045005400000015004100540000001414000000000000000045
