Slot_size: 32
0, 1, 2, 3, 17, 31, 
31, 30, 29, 28, 14, 0, 
type_1_num: 1; type_2_num: 0
1, 2, 3, 17, 31, 
31, 30, 29, 15, 1, 
type_1_num: 2; type_2_num: 0
2, 3, 17, 31, 
31, 30, 16, 2, 
type_1_num: 3; type_2_num: 0
3, 17, 31, 
31, 17, 3, 
type_1_num: 4; type_2_num: 0
4, 18, 32, 31, 
31, 32, 18, 4, 
type_1_num: 5; type_2_num: 0
5, 4, 3, 17, 31, 
31, 32, 33, 19, 5, 
type_1_num: 6; type_2_num: 0
6, 5, 4, 3, 17, 31, 
31, 32, 33, 34, 20, 6, 
type_1_num: 7; type_2_num: 0
7, 8, 9, 10, 24, 38, 
38, 37, 36, 35, 21, 7, 
type_1_num: 8; type_2_num: 0
8, 9, 10, 24, 38, 
38, 37, 36, 22, 8, 
type_1_num: 9; type_2_num: 0
9, 10, 24, 38, 
38, 37, 23, 9, 
type_1_num: 10; type_2_num: 0
10, 24, 38, 
38, 24, 10, 
type_1_num: 11; type_2_num: 0
11, 25, 39, 38, 
38, 39, 25, 11, 
type_1_num: 12; type_2_num: 0
12, 11, 10, 24, 38, 
38, 39, 40, 26, 12, 
type_1_num: 13; type_2_num: 0
13, 12, 11, 10, 24, 38, 
38, 39, 40, 41, 27, 13, 
type_1_num: 14; type_2_num: 0
14, 15, 16, 17, 31, 
31, 30, 29, 28, 14, 
type_1_num: 15; type_2_num: 0
15, 16, 17, 31, 
31, 30, 29, 15, 
type_1_num: 16; type_2_num: 0
16, 17, 31, 
31, 30, 16, 
type_1_num: 17; type_2_num: 0
17, 31, 
31, 17, 
type_1_num: 18; type_2_num: 0
18, 17, 31, 
31, 32, 18, 
type_1_num: 19; type_2_num: 0
19, 18, 17, 31, 
31, 32, 33, 19, 
type_1_num: 20; type_2_num: 0
20, 19, 18, 17, 31, 
31, 32, 33, 34, 20, 
type_1_num: 21; type_2_num: 0
21, 22, 23, 24, 38, 
38, 37, 36, 35, 21, 
type_1_num: 22; type_2_num: 0
22, 23, 24, 38, 
38, 37, 36, 22, 
type_1_num: 23; type_2_num: 0
23, 24, 38, 
38, 37, 23, 
type_1_num: 24; type_2_num: 0
24, 38, 
38, 24, 
type_1_num: 25; type_2_num: 0
25, 24, 38, 
38, 39, 25, 
type_1_num: 26; type_2_num: 0
26, 25, 24, 38, 
38, 39, 40, 26, 
type_1_num: 27; type_2_num: 0
27, 26, 25, 24, 38, 
38, 39, 40, 41, 27, 
type_1_num: 28; type_2_num: 0
28, 29, 30, 31, 
31, 30, 29, 28, 
type_1_num: 29; type_2_num: 0
29, 30, 31, 
31, 30, 29, 
type_1_num: 30; type_2_num: 0
35, 36, 37, 38, 
38, 37, 36, 35, 
type_1_num: 31; type_2_num: 0
36, 37, 38, 
38, 37, 36, 
type_1_num: 32; type_2_num: 0
42, 43, 44, 45, 
45, 44, 43, 42, 
45, 44, 43, 42, 
type_1_num: 32; type_2_num: 1
43, 44, 45, 
45, 44, 43, 
45, 44, 43, 
type_1_num: 32; type_2_num: 2
44, 45, 
45, 44, 
45, 44, 
type_1_num: 32; type_2_num: 3
46, 45, 
45, 46, 
45, 46, 
type_1_num: 32; type_2_num: 4
47, 46, 45, 
45, 46, 47, 
45, 46, 47, 
type_1_num: 32; type_2_num: 5
48, 47, 46, 45, 
45, 46, 47, 48, 
45, 46, 47, 48, 
type_1_num: 32; type_2_num: 6
49, 50, 51, 52, 
52, 51, 50, 49, 
52, 51, 50, 49, 
type_1_num: 32; type_2_num: 7
50, 51, 52, 
52, 51, 50, 
52, 51, 50, 
type_1_num: 32; type_2_num: 8
51, 52, 
52, 51, 
52, 51, 
type_1_num: 32; type_2_num: 9
53, 52, 
52, 53, 
52, 53, 
type_1_num: 32; type_2_num: 10
54, 53, 52, 
52, 53, 54, 
52, 53, 54, 
type_1_num: 32; type_2_num: 11
55, 54, 53, 52, 
52, 53, 54, 55, 
52, 53, 54, 55, 
type_1_num: 32; type_2_num: 12
56, 57, 58, 59, 45, 
45, 44, 43, 42, 56, 
45, 44, 43, 42, 56, 
type_1_num: 32; type_2_num: 13
57, 58, 59, 45, 
45, 44, 43, 57, 
45, 44, 43, 57, 
type_1_num: 32; type_2_num: 14
58, 59, 45, 
45, 44, 58, 
45, 44, 58, 
type_1_num: 32; type_2_num: 15
59, 45, 
45, 59, 
45, 59, 
type_1_num: 32; type_2_num: 16
60, 59, 45, 
45, 59, 60, 
61, 60, 59, 45, 
45, 59, 60, 61, 
62, 61, 60, 59, 45, 
45, 59, 60, 61, 62, 
63, 64, 65, 66, 52, 
52, 51, 50, 49, 63, 
52, 51, 50, 49, 63, 
type_1_num: 32; type_2_num: 17
64, 65, 66, 52, 
52, 51, 50, 64, 
52, 51, 50, 64, 
type_1_num: 32; type_2_num: 18
65, 66, 52, 
52, 51, 65, 
52, 51, 65, 
type_1_num: 32; type_2_num: 19
66, 52, 
52, 66, 
52, 66, 
type_1_num: 32; type_2_num: 20
67, 66, 52, 
52, 66, 67, 
68, 67, 66, 52, 
52, 66, 67, 68, 
69, 68, 67, 66, 52, 
52, 66, 67, 68, 69, 
70, 71, 72, 73, 59, 45, 
45, 44, 58, 57, 56, 70, 
71, 72, 73, 59, 45, 
45, 44, 58, 57, 71, 
72, 73, 59, 45, 
45, 44, 58, 72, 
73, 59, 45, 
45, 59, 73, 
74, 73, 59, 45, 
45, 59, 60, 74, 
75, 74, 73, 59, 45, 
45, 59, 60, 61, 75, 
76, 75, 74, 73, 59, 45, 
45, 59, 60, 61, 62, 76, 
77, 78, 79, 80, 66, 52, 
52, 51, 65, 64, 63, 77, 
78, 79, 80, 66, 52, 
52, 51, 65, 64, 78, 
79, 80, 66, 52, 
52, 51, 65, 79, 
80, 66, 52, 
52, 66, 80, 
81, 80, 66, 52, 
52, 66, 67, 81, 
82, 81, 80, 66, 52, 
52, 66, 67, 68, 82, 
83, 82, 81, 80, 66, 52, 
52, 66, 67, 68, 69, 83, 
84, 85, 86, 87, 101, 115, 
115, 114, 113, 112, 98, 84, 
type_1_num: 33; type_2_num: 20
85, 86, 87, 101, 115, 
115, 114, 113, 99, 85, 
type_1_num: 34; type_2_num: 20
86, 87, 101, 115, 
115, 114, 100, 86, 
type_1_num: 35; type_2_num: 20
87, 101, 115, 
115, 101, 87, 
type_1_num: 36; type_2_num: 20
88, 102, 116, 115, 
115, 116, 102, 88, 
type_1_num: 37; type_2_num: 20
89, 88, 87, 101, 115, 
115, 116, 117, 103, 89, 
type_1_num: 38; type_2_num: 20
90, 89, 88, 87, 101, 115, 
115, 116, 117, 118, 104, 90, 
type_1_num: 39; type_2_num: 20
91, 92, 93, 94, 108, 122, 
122, 121, 120, 119, 105, 91, 
type_1_num: 40; type_2_num: 20
92, 93, 94, 108, 122, 
122, 121, 120, 106, 92, 
type_1_num: 41; type_2_num: 20
93, 94, 108, 122, 
122, 121, 107, 93, 
type_1_num: 42; type_2_num: 20
94, 108, 122, 
122, 108, 94, 
type_1_num: 43; type_2_num: 20
95, 109, 123, 122, 
122, 123, 109, 95, 
type_1_num: 44; type_2_num: 20
96, 95, 94, 108, 122, 
122, 123, 124, 110, 96, 
type_1_num: 45; type_2_num: 20
97, 96, 95, 94, 108, 122, 
122, 123, 124, 125, 111, 97, 
type_1_num: 46; type_2_num: 20
98, 99, 100, 101, 115, 
115, 114, 113, 112, 98, 
type_1_num: 47; type_2_num: 20
99, 100, 101, 115, 
115, 114, 113, 99, 
type_1_num: 48; type_2_num: 20
100, 101, 115, 
115, 114, 100, 
type_1_num: 49; type_2_num: 20
101, 115, 
115, 101, 
type_1_num: 50; type_2_num: 20
102, 101, 115, 
115, 116, 102, 
type_1_num: 51; type_2_num: 20
103, 102, 101, 115, 
115, 116, 117, 103, 
type_1_num: 52; type_2_num: 20
104, 103, 102, 101, 115, 
115, 116, 117, 118, 104, 
type_1_num: 53; type_2_num: 20
105, 106, 107, 108, 122, 
122, 121, 120, 119, 105, 
type_1_num: 54; type_2_num: 20
106, 107, 108, 122, 
122, 121, 120, 106, 
type_1_num: 55; type_2_num: 20
107, 108, 122, 
122, 121, 107, 
type_1_num: 56; type_2_num: 20
108, 122, 
122, 108, 
type_1_num: 57; type_2_num: 20
109, 108, 122, 
122, 123, 109, 
type_1_num: 58; type_2_num: 20
110, 109, 108, 122, 
122, 123, 124, 110, 
type_1_num: 59; type_2_num: 20
111, 110, 109, 108, 122, 
122, 123, 124, 125, 111, 
type_1_num: 60; type_2_num: 20
112, 113, 114, 115, 
115, 114, 113, 112, 
type_1_num: 61; type_2_num: 20
113, 114, 115, 
115, 114, 113, 
type_1_num: 62; type_2_num: 20
119, 120, 121, 122, 
122, 121, 120, 119, 
type_1_num: 63; type_2_num: 20
120, 121, 122, 
122, 121, 120, 
type_1_num: 64; type_2_num: 20
126, 127, 128, 129, 
129, 128, 127, 126, 
129, 128, 127, 126, 
type_1_num: 64; type_2_num: 21
127, 128, 129, 
129, 128, 127, 
129, 128, 127, 
type_1_num: 64; type_2_num: 22
128, 129, 
129, 128, 
129, 128, 
type_1_num: 64; type_2_num: 23
130, 129, 
129, 130, 
129, 130, 
type_1_num: 64; type_2_num: 24
131, 130, 129, 
129, 130, 131, 
129, 130, 131, 
type_1_num: 64; type_2_num: 25
132, 131, 130, 129, 
129, 130, 131, 132, 
129, 130, 131, 132, 
type_1_num: 64; type_2_num: 26
133, 134, 135, 136, 
136, 135, 134, 133, 
136, 135, 134, 133, 
type_1_num: 64; type_2_num: 27
134, 135, 136, 
136, 135, 134, 
136, 135, 134, 
type_1_num: 64; type_2_num: 28
135, 136, 
136, 135, 
136, 135, 
type_1_num: 64; type_2_num: 29
137, 136, 
136, 137, 
136, 137, 
type_1_num: 64; type_2_num: 30
138, 137, 136, 
136, 137, 138, 
136, 137, 138, 
type_1_num: 64; type_2_num: 31
139, 138, 137, 136, 
136, 137, 138, 139, 
136, 137, 138, 139, 
type_1_num: 64; type_2_num: 32
140, 141, 142, 143, 129, 
129, 128, 127, 126, 140, 
129, 128, 127, 126, 140, 
type_1_num: 64; type_2_num: 33
141, 142, 143, 129, 
129, 128, 127, 141, 
129, 128, 127, 141, 
type_1_num: 64; type_2_num: 34
142, 143, 129, 
129, 128, 142, 
129, 128, 142, 
type_1_num: 64; type_2_num: 35
143, 129, 
129, 143, 
129, 143, 
type_1_num: 64; type_2_num: 36
144, 143, 129, 
129, 143, 144, 
145, 144, 143, 129, 
129, 143, 144, 145, 
146, 145, 144, 143, 129, 
129, 143, 144, 145, 146, 
147, 148, 149, 150, 136, 
136, 135, 134, 133, 147, 
136, 135, 134, 133, 147, 
type_1_num: 64; type_2_num: 37
148, 149, 150, 136, 
136, 135, 134, 148, 
136, 135, 134, 148, 
type_1_num: 64; type_2_num: 38
149, 150, 136, 
136, 135, 149, 
136, 135, 149, 
type_1_num: 64; type_2_num: 39
150, 136, 
136, 150, 
136, 150, 
type_1_num: 64; type_2_num: 40
151, 150, 136, 
136, 150, 151, 
152, 151, 150, 136, 
136, 150, 151, 152, 
153, 152, 151, 150, 136, 
136, 150, 151, 152, 153, 
154, 155, 156, 157, 143, 129, 
129, 128, 142, 141, 140, 154, 
155, 156, 157, 143, 129, 
129, 128, 142, 141, 155, 
156, 157, 143, 129, 
129, 128, 142, 156, 
157, 143, 129, 
129, 143, 157, 
158, 157, 143, 129, 
129, 143, 144, 158, 
159, 158, 157, 143, 129, 
129, 143, 144, 145, 159, 
160, 159, 158, 157, 143, 129, 
129, 143, 144, 145, 146, 160, 
161, 162, 163, 164, 150, 136, 
136, 135, 149, 148, 147, 161, 
162, 163, 164, 150, 136, 
136, 135, 149, 148, 162, 
163, 164, 150, 136, 
136, 135, 149, 163, 
164, 150, 136, 
136, 150, 164, 
165, 164, 150, 136, 
136, 150, 151, 165, 
166, 165, 164, 150, 136, 
136, 150, 151, 152, 166, 
167, 166, 165, 164, 150, 136, 
136, 150, 151, 152, 153, 167, 
0, 1, 2, 16, 30, 
30, 29, 15, 1, 0, 
type_1_num: 65; type_2_num: 40
2, 16, 15, 14, 28, 42, 
42, 28, 29, 15, 16, 2, 
type_1_num: 66; type_2_num: 40
3, 17, 18, 19, 33, 
33, 19, 5, 4, 3, 
type_1_num: 67; type_2_num: 40
4, 5, 6, 20, 
20, 19, 18, 4, 
type_1_num: 68; type_2_num: 40
5, 4, 18, 
18, 4, 5, 
type_1_num: 69; type_2_num: 40
6, 5, 19, 
19, 20, 6, 
type_1_num: 70; type_2_num: 40
7, 8, 9, 23, 24, 
24, 23, 22, 8, 7, 
type_1_num: 71; type_2_num: 40
8, 7, 6, 5, 19, 
19, 20, 21, 22, 8, 
type_1_num: 72; type_2_num: 40
9, 23, 22, 21, 20, 
20, 21, 7, 8, 9, 
type_1_num: 73; type_2_num: 40
10, 24, 25, 26, 
26, 12, 11, 10, 
type_1_num: 74; type_2_num: 40
11, 10, 9, 8, 22, 
22, 23, 9, 10, 11, 
type_1_num: 75; type_2_num: 40
12, 11, 25, 39, 53, 
53, 54, 40, 26, 12, 
type_1_num: 76; type_2_num: 40
13, 12, 26, 25, 24, 
24, 25, 26, 27, 13, 
type_1_num: 77; type_2_num: 40
14, 15, 16, 30, 44, 
44, 43, 42, 28, 14, 
type_1_num: 78; type_2_num: 40
15, 16, 30, 44, 58, 59, 
59, 58, 57, 43, 29, 15, 
type_1_num: 79; type_2_num: 40
16, 17, 18, 19, 33, 47, 
47, 46, 32, 18, 17, 16, 
type_1_num: 80; type_2_num: 40
17, 16, 15, 29, 43, 57, 
57, 43, 29, 15, 16, 17, 
type_1_num: 81; type_2_num: 40
18, 4, 3, 2, 1, 
1, 2, 3, 4, 18, 
type_1_num: 82; type_2_num: 40
19, 33, 34, 48, 49, 50, 
50, 49, 48, 47, 33, 19, 
type_1_num: 83; type_2_num: 40
20, 21, 7, 
7, 6, 20, 
type_1_num: 84; type_2_num: 40
21, 20, 19, 18, 32, 
32, 33, 34, 35, 21, 
type_1_num: 85; type_2_num: 40
22, 36, 35, 49, 63, 
63, 64, 50, 36, 22, 
type_1_num: 86; type_2_num: 40
23, 37, 51, 65, 66, 67, 68, 
68, 67, 66, 65, 51, 37, 23, 
type_1_num: 87; type_2_num: 40
24, 25, 39, 53, 
53, 39, 25, 24, 
type_1_num: 88; type_2_num: 40
25, 39, 53, 67, 66, 
66, 67, 53, 39, 25, 
type_1_num: 89; type_2_num: 40
26, 27, 41, 55, 
55, 54, 40, 26, 
type_1_num: 90; type_2_num: 40
27, 41, 40, 54, 53, 
53, 54, 55, 41, 27, 
type_1_num: 91; type_2_num: 40
28, 42, 56, 57, 58, 72, 
72, 71, 70, 56, 42, 28, 
type_1_num: 92; type_2_num: 40
29, 30, 16, 17, 18, 
30, 44, 58, 59, 60, 61, 75, 
75, 74, 73, 72, 58, 44, 30, 
type_1_num: 93; type_2_num: 40
32, 46, 47, 61, 62, 76, 77, 
77, 76, 75, 61, 47, 33, 32, 
type_1_num: 94; type_2_num: 40
33, 32, 46, 60, 59, 
59, 60, 46, 32, 33, 
type_1_num: 95; type_2_num: 40
34, 20, 6, 5, 
5, 6, 20, 34, 
type_1_num: 96; type_2_num: 40
35, 49, 63, 64, 65, 79, 
79, 78, 64, 50, 36, 35, 
type_1_num: 97; type_2_num: 40
36, 35, 34, 33, 19, 
19, 20, 21, 22, 36, 
type_1_num: 98; type_2_num: 40
37, 36, 35, 21, 
21, 22, 23, 37, 
type_1_num: 99; type_2_num: 40
39, 53, 67, 66, 65, 79, 
79, 80, 81, 67, 53, 39, 
type_1_num: 100; type_2_num: 40
40, 54, 68, 82, 81, 
81, 82, 68, 54, 40, 
type_1_num: 101; type_2_num: 40
41, 55, 69, 68, 82, 
82, 83, 69, 55, 41, 
type_1_num: 102; type_2_num: 40
42, 56, 57, 58, 59, 73, 
73, 72, 71, 70, 56, 42, 
73, 72, 71, 70, 56, 42, 
type_1_num: 102; type_2_num: 41
43, 57, 58, 59, 60, 74, 
74, 73, 72, 71, 57, 43, 
74, 73, 59, 58, 57, 43, 
type_1_num: 102; type_2_num: 42
44, 58, 72, 86, 87, 
87, 86, 72, 58, 44, 
87, 86, 72, 58, 44, 
type_1_num: 102; type_2_num: 43
46, 32, 18, 17, 3, 2, 1, 
1, 2, 3, 4, 18, 32, 46, 
1, 2, 3, 4, 18, 32, 46, 
type_1_num: 102; type_2_num: 44
47, 33, 19, 5, 4, 3, 
3, 4, 5, 19, 33, 47, 
3, 4, 5, 19, 33, 47, 
type_1_num: 102; type_2_num: 45
48, 47, 46, 60, 74, 
74, 60, 61, 62, 48, 
74, 75, 76, 62, 48, 
type_1_num: 102; type_2_num: 46
49, 63, 64, 78, 79, 80, 94, 
94, 93, 92, 91, 77, 63, 49, 
94, 93, 92, 91, 77, 63, 49, 
type_1_num: 102; type_2_num: 47
50, 36, 35, 34, 
34, 35, 49, 50, 
34, 35, 49, 50, 
type_1_num: 102; type_2_num: 48
51, 65, 66, 67, 68, 82, 96, 
96, 95, 81, 80, 66, 65, 51, 
96, 95, 81, 80, 66, 65, 51, 
type_1_num: 102; type_2_num: 49
53, 39, 25, 24, 23, 
23, 24, 25, 39, 53, 
23, 24, 25, 39, 53, 
type_1_num: 102; type_2_num: 50
54, 53, 39, 25, 24, 
24, 25, 26, 40, 54, 
55, 41, 27, 13, 12, 11, 
11, 12, 13, 27, 41, 55, 
11, 25, 39, 40, 41, 55, 
type_1_num: 102; type_2_num: 51
56, 70, 71, 72, 73, 87, 
87, 86, 85, 84, 70, 56, 
87, 86, 85, 84, 70, 56, 
type_1_num: 102; type_2_num: 52
57, 58, 59, 73, 
73, 72, 71, 57, 
73, 72, 71, 57, 
type_1_num: 102; type_2_num: 53
58, 57, 71, 85, 
85, 86, 72, 58, 
85, 86, 72, 58, 
type_1_num: 102; type_2_num: 54
59, 73, 72, 71, 85, 
85, 86, 87, 73, 59, 
85, 86, 87, 73, 59, 
type_1_num: 102; type_2_num: 55
60, 61, 75, 
75, 74, 60, 
75, 74, 60, 
type_1_num: 102; type_2_num: 56
61, 62, 63, 64, 78, 92, 106, 
106, 105, 104, 103, 89, 75, 61, 
106, 105, 104, 103, 89, 75, 61, 
type_1_num: 102; type_2_num: 57
62, 76, 90, 89, 88, 102, 101, 
101, 102, 103, 89, 75, 61, 62, 
101, 102, 103, 104, 90, 76, 62, 
type_1_num: 102; type_2_num: 58
63, 77, 78, 79, 80, 
80, 79, 78, 77, 63, 
80, 79, 78, 77, 63, 
type_1_num: 102; type_2_num: 59
64, 78, 77, 76, 75, 89, 103, 
103, 104, 105, 91, 77, 78, 64, 
103, 104, 105, 106, 92, 78, 64, 
type_1_num: 102; type_2_num: 60
65, 66, 67, 53, 39, 
66, 80, 81, 95, 109, 
109, 95, 81, 67, 66, 
109, 108, 94, 80, 66, 
type_1_num: 102; type_2_num: 61
67, 81, 80, 79, 
79, 80, 81, 67, 
79, 80, 81, 67, 
type_1_num: 102; type_2_num: 62
68, 82, 96, 95, 109, 108, 
108, 109, 110, 96, 82, 68, 
108, 94, 80, 66, 67, 68, 
type_1_num: 102; type_2_num: 63
69, 83, 97, 111, 110, 
110, 111, 97, 83, 69, 
110, 111, 97, 83, 69, 
type_1_num: 102; type_2_num: 64
70, 84, 85, 99, 113, 
113, 112, 98, 84, 70, 
113, 112, 98, 84, 70, 
type_1_num: 102; type_2_num: 65
71, 85, 99, 100, 114, 
114, 113, 99, 85, 71, 
114, 113, 99, 85, 71, 
type_1_num: 102; type_2_num: 66
72, 86, 87, 88, 89, 
89, 88, 74, 73, 72, 
89, 88, 87, 73, 72, 
type_1_num: 102; type_2_num: 67
73, 72, 71, 70, 56, 42, 28, 
28, 29, 43, 57, 71, 72, 73, 
28, 29, 43, 57, 58, 72, 73, 
type_1_num: 102; type_2_num: 68
74, 75, 61, 47, 
47, 61, 60, 74, 
47, 61, 60, 74, 
type_1_num: 102; type_2_num: 69
75, 74, 88, 87, 86, 100, 114, 
114, 100, 101, 102, 103, 89, 75, 
114, 100, 101, 102, 103, 89, 75, 
type_1_num: 102; type_2_num: 70
76, 90, 89, 88, 87, 
87, 88, 89, 90, 76, 
87, 88, 89, 90, 76, 
type_1_num: 102; type_2_num: 71
77, 76, 75, 61, 
61, 62, 63, 77, 
61, 62, 63, 77, 
type_1_num: 102; type_2_num: 72
80, 79, 78, 64, 
64, 78, 79, 80, 
64, 65, 66, 80, 
type_1_num: 102; type_2_num: 73
81, 80, 79, 78, 64, 
64, 65, 66, 67, 81, 
64, 78, 79, 80, 81, 
type_1_num: 102; type_2_num: 74
82, 81, 95, 94, 93, 107, 
107, 108, 109, 110, 96, 82, 
107, 93, 94, 95, 96, 82, 
type_1_num: 102; type_2_num: 75
83, 97, 111, 110, 
110, 111, 97, 83, 
110, 111, 97, 83, 
type_1_num: 102; type_2_num: 76
84, 70, 71, 72, 
72, 71, 70, 84, 
type_1_num: 103; type_2_num: 76
85, 86, 87, 88, 102, 116, 
116, 102, 101, 100, 99, 85, 
type_1_num: 104; type_2_num: 76
86, 72, 58, 44, 43, 
43, 57, 71, 85, 86, 
type_1_num: 105; type_2_num: 76
87, 86, 85, 84, 70, 56, 
56, 70, 84, 85, 86, 87, 
type_1_num: 106; type_2_num: 76
89, 90, 76, 62, 48, 
48, 62, 61, 75, 89, 
type_1_num: 107; type_2_num: 76
90, 91, 92, 106, 120, 121, 
121, 120, 119, 118, 104, 90, 
type_1_num: 108; type_2_num: 76
92, 91, 77, 63, 49, 
49, 63, 77, 91, 92, 
type_1_num: 109; type_2_num: 76
93, 94, 95, 81, 
81, 95, 94, 93, 
type_1_num: 110; type_2_num: 76
94, 95, 81, 67, 
67, 81, 80, 94, 
type_1_num: 111; type_2_num: 76
95, 94, 93, 92, 106, 120, 134, 
134, 135, 121, 107, 108, 109, 95, 
type_1_num: 112; type_2_num: 76
97, 96, 82, 68, 54, 53, 
53, 54, 55, 69, 83, 97, 
type_1_num: 113; type_2_num: 76
99, 100, 101, 102, 116, 130, 
130, 116, 102, 101, 100, 99, 
type_1_num: 114; type_2_num: 76
100, 114, 128, 142, 143, 144, 
144, 143, 142, 128, 114, 100, 
type_1_num: 115; type_2_num: 76
101, 100, 99, 98, 112, 126, 140, 
140, 141, 127, 113, 99, 100, 101, 
type_1_num: 116; type_2_num: 76
102, 88, 74, 73, 72, 
103, 117, 116, 130, 129, 
104, 103, 102, 116, 130, 
130, 131, 132, 118, 104, 
type_1_num: 117; type_2_num: 76
105, 104, 90, 
90, 91, 105, 
type_1_num: 118; type_2_num: 76
106, 105, 104, 118, 117, 
117, 118, 119, 120, 106, 
type_1_num: 119; type_2_num: 76
107, 121, 135, 134, 
134, 135, 121, 107, 
type_1_num: 120; type_2_num: 76
108, 107, 121, 135, 
135, 121, 107, 108, 
type_1_num: 121; type_2_num: 76
109, 123, 124, 138, 
138, 137, 123, 109, 
type_1_num: 122; type_2_num: 76
110, 111, 125, 139, 
139, 138, 124, 110, 
type_1_num: 123; type_2_num: 76
111, 110, 109, 123, 137, 136, 
112, 98, 84, 85, 86, 72, 
72, 86, 100, 114, 113, 112, 
type_1_num: 124; type_2_num: 76
113, 114, 100, 101, 102, 
114, 128, 142, 143, 144, 145, 159, 
159, 158, 157, 156, 142, 128, 114, 
type_1_num: 125; type_2_num: 76
116, 117, 118, 119, 133, 
133, 132, 131, 117, 116, 
type_1_num: 126; type_2_num: 76
117, 118, 119, 120, 106, 92, 
92, 91, 90, 104, 103, 117, 
type_1_num: 127; type_2_num: 76
118, 119, 105, 
105, 104, 118, 
type_1_num: 128; type_2_num: 76
119, 133, 132, 131, 130, 
130, 131, 132, 133, 119, 
type_1_num: 129; type_2_num: 76
120, 106, 105, 91, 77, 
77, 78, 92, 106, 120, 
type_1_num: 130; type_2_num: 76
121, 107, 108, 94, 80, 
80, 79, 93, 107, 121, 
type_1_num: 131; type_2_num: 76
123, 109, 95, 94, 93, 79, 
79, 80, 81, 95, 109, 123, 
type_1_num: 132; type_2_num: 76
124, 123, 109, 108, 107, 
107, 108, 109, 110, 124, 
type_1_num: 133; type_2_num: 76
125, 124, 138, 152, 166, 
166, 167, 153, 139, 125, 
type_1_num: 134; type_2_num: 76
126, 140, 141, 142, 143, 
143, 142, 141, 140, 126, 
143, 142, 141, 140, 126, 
type_1_num: 134; type_2_num: 77
127, 141, 142, 143, 144, 158, 
158, 157, 156, 155, 141, 127, 
158, 157, 156, 155, 141, 127, 
type_1_num: 134; type_2_num: 78
128, 142, 143, 144, 
144, 143, 142, 128, 
144, 143, 142, 128, 
type_1_num: 134; type_2_num: 79
130, 131, 145, 146, 
146, 145, 144, 130, 
146, 145, 144, 130, 
type_1_num: 134; type_2_num: 80
131, 132, 133, 134, 148, 
148, 147, 146, 145, 131, 
148, 147, 146, 145, 131, 
type_1_num: 134; type_2_num: 81
132, 146, 147, 148, 
148, 147, 146, 132, 
148, 147, 146, 132, 
type_1_num: 134; type_2_num: 82
133, 132, 131, 145, 144, 
144, 145, 146, 147, 133, 
144, 145, 146, 147, 133, 
type_1_num: 134; type_2_num: 83
135, 134, 133, 132, 146, 
146, 147, 148, 149, 135, 
146, 147, 148, 149, 135, 
type_1_num: 134; type_2_num: 84
137, 151, 150, 149, 148, 
148, 149, 150, 151, 137, 
148, 149, 150, 151, 137, 
type_1_num: 134; type_2_num: 85
138, 124, 125, 111, 
111, 110, 124, 138, 
111, 110, 124, 138, 
type_1_num: 134; type_2_num: 86
139, 153, 152, 151, 
151, 152, 153, 139, 
151, 152, 153, 139, 
type_1_num: 134; type_2_num: 87
141, 127, 128, 
128, 127, 141, 
128, 127, 141, 
type_1_num: 134; type_2_num: 88
142, 143, 144, 145, 131, 117, 
117, 116, 130, 144, 143, 142, 
117, 131, 130, 144, 143, 142, 
type_1_num: 134; type_2_num: 89
143, 144, 145, 131, 117, 
117, 116, 130, 144, 143, 
117, 116, 130, 144, 143, 
type_1_num: 134; type_2_num: 90
144, 158, 159, 160, 161, 
161, 160, 159, 158, 144, 
161, 160, 159, 145, 144, 
type_1_num: 134; type_2_num: 91
145, 131, 130, 116, 
116, 130, 131, 145, 
116, 117, 131, 145, 
type_1_num: 134; type_2_num: 92
146, 147, 133, 119, 
119, 118, 132, 146, 
119, 118, 132, 146, 
type_1_num: 134; type_2_num: 93
147, 133, 132, 118, 
118, 119, 133, 147, 
118, 132, 133, 147, 
type_1_num: 134; type_2_num: 94
148, 149, 150, 151, 137, 123, 109, 
109, 123, 137, 136, 150, 149, 148, 
149, 148, 162, 161, 
161, 162, 163, 149, 
161, 162, 163, 149, 
type_1_num: 134; type_2_num: 95
150, 149, 148, 134, 120, 106, 105, 
105, 106, 120, 134, 148, 149, 150, 
151, 152, 153, 167, 
167, 166, 165, 151, 
167, 166, 165, 151, 
type_1_num: 134; type_2_num: 96
152, 151, 150, 149, 135, 
135, 149, 150, 151, 152, 
135, 149, 150, 151, 152, 
type_1_num: 134; type_2_num: 97
153, 152, 138, 137, 123, 
123, 124, 125, 139, 153, 
123, 124, 125, 139, 153, 
type_1_num: 134; type_2_num: 98
155, 156, 157, 158, 144, 130, 
130, 144, 143, 142, 156, 155, 
130, 144, 158, 157, 156, 155, 
type_1_num: 134; type_2_num: 99
156, 157, 158, 159, 145, 131, 
131, 145, 144, 143, 142, 156, 
131, 130, 144, 158, 157, 156, 
type_1_num: 134; type_2_num: 100
157, 158, 144, 
144, 143, 157, 
158, 157, 156, 155, 141, 127, 113, 
113, 127, 141, 142, 156, 157, 158, 
113, 127, 141, 155, 156, 157, 158, 
type_1_num: 134; type_2_num: 101
159, 160, 161, 162, 148, 
148, 147, 146, 160, 159, 
148, 147, 161, 160, 159, 
type_1_num: 134; type_2_num: 102
160, 159, 158, 144, 
144, 145, 146, 160, 
144, 145, 146, 160, 
type_1_num: 134; type_2_num: 103
161, 160, 146, 132, 118, 
118, 119, 133, 147, 161, 
118, 119, 133, 147, 161, 
type_1_num: 134; type_2_num: 104
162, 163, 164, 150, 
150, 149, 163, 162, 
150, 149, 163, 162, 
type_1_num: 134; type_2_num: 105
163, 162, 161, 147, 133, 
133, 134, 148, 162, 163, 
164, 165, 166, 167, 153, 139, 125, 
125, 139, 153, 152, 166, 165, 164, 
125, 124, 138, 137, 151, 150, 164, 
type_1_num: 134; type_2_num: 106
165, 164, 150, 136, 
136, 150, 164, 165, 
166, 167, 153, 139, 
139, 138, 152, 166, 
139, 138, 152, 166, 
type_1_num: 134; type_2_num: 107
167, 153, 139, 125, 124, 
124, 138, 152, 153, 167, 
124, 125, 139, 153, 167, 
type_1_num: 134; type_2_num: 108
0, 1, 15, 29, 
29, 28, 14, 0, 
type_1_num: 135; type_2_num: 108
1, 2, 16, 17, 
17, 16, 2, 1, 
type_1_num: 136; type_2_num: 108
3, 4, 5, 6, 20, 
20, 6, 5, 4, 3, 
type_1_num: 137; type_2_num: 108
5, 4, 18, 32, 46, 
46, 32, 18, 19, 5, 
type_1_num: 138; type_2_num: 108
6, 7, 21, 35, 49, 50, 51, 
51, 50, 49, 35, 21, 7, 6, 
type_1_num: 139; type_2_num: 108
7, 6, 20, 34, 
34, 35, 21, 7, 
type_1_num: 140; type_2_num: 108
8, 22, 21, 20, 34, 
34, 20, 21, 22, 8, 
type_1_num: 141; type_2_num: 108
9, 23, 37, 51, 50, 49, 
49, 35, 21, 7, 8, 9, 
type_1_num: 142; type_2_num: 108
10, 11, 12, 26, 40, 41, 55, 
55, 41, 40, 26, 12, 11, 10, 
type_1_num: 143; type_2_num: 108
11, 10, 9, 23, 37, 51, 50, 
50, 36, 22, 23, 9, 10, 11, 
type_1_num: 144; type_2_num: 108
12, 26, 40, 39, 53, 
53, 39, 25, 11, 12, 
type_1_num: 145; type_2_num: 108
14, 28, 42, 43, 57, 
57, 43, 29, 15, 14, 
type_1_num: 146; type_2_num: 108
15, 29, 43, 57, 58, 59, 
16, 30, 29, 
29, 30, 16, 
type_1_num: 147; type_2_num: 108
19, 33, 47, 48, 62, 
62, 61, 47, 33, 19, 
type_1_num: 148; type_2_num: 108
20, 34, 33, 32, 46, 60, 
60, 46, 32, 33, 34, 20, 
type_1_num: 149; type_2_num: 108
21, 35, 49, 48, 62, 
62, 63, 49, 35, 21, 
type_1_num: 150; type_2_num: 108
22, 36, 50, 64, 63, 
63, 49, 50, 36, 22, 
type_1_num: 151; type_2_num: 108
23, 24, 25, 26, 40, 54, 
54, 40, 26, 25, 24, 23, 
type_1_num: 152; type_2_num: 108
24, 23, 22, 36, 
36, 37, 23, 24, 
type_1_num: 153; type_2_num: 108
25, 26, 40, 54, 
54, 53, 39, 25, 
type_1_num: 154; type_2_num: 108
27, 41, 55, 69, 68, 67, 
67, 68, 69, 55, 41, 27, 
type_1_num: 155; type_2_num: 108
28, 29, 15, 1, 2, 3, 
3, 2, 1, 0, 14, 28, 
type_1_num: 156; type_2_num: 108
32, 18, 4, 3, 2, 
2, 3, 4, 18, 32, 
type_1_num: 157; type_2_num: 108
34, 33, 19, 5, 
5, 19, 20, 34, 
type_1_num: 158; type_2_num: 108
35, 34, 48, 62, 76, 
76, 62, 48, 34, 35, 
type_1_num: 159; type_2_num: 108
36, 37, 51, 52, 66, 
66, 65, 51, 37, 36, 
type_1_num: 160; type_2_num: 108
37, 51, 65, 66, 80, 
40, 41, 55, 69, 83, 
83, 82, 68, 54, 40, 
type_1_num: 161; type_2_num: 108
41, 55, 69, 83, 82, 
82, 83, 69, 55, 41, 
type_1_num: 162; type_2_num: 108
42, 43, 57, 58, 
43, 57, 58, 59, 60, 
60, 59, 58, 57, 43, 
44, 43, 29, 
29, 30, 44, 
29, 30, 44, 
type_1_num: 162; type_2_num: 109
46, 60, 74, 73, 72, 86, 
86, 87, 88, 74, 60, 46, 
50, 64, 65, 79, 80, 94, 
51, 65, 66, 80, 
80, 79, 65, 51, 
54, 53, 67, 66, 80, 
80, 81, 82, 68, 54, 
55, 54, 53, 67, 66, 
66, 67, 68, 69, 55, 
56, 42, 28, 14, 15, 16, 17, 
57, 56, 42, 28, 
28, 42, 43, 57, 
28, 42, 56, 57, 
type_1_num: 162; type_2_num: 110
58, 59, 45, 46, 
46, 60, 59, 58, 
60, 61, 75, 76, 90, 91, 
91, 90, 76, 75, 74, 60, 
91, 77, 76, 62, 61, 60, 
type_1_num: 162; type_2_num: 111
61, 60, 46, 32, 
32, 46, 47, 61, 
63, 64, 65, 79, 93, 107, 
107, 106, 105, 91, 77, 63, 
107, 106, 105, 91, 77, 63, 
type_1_num: 162; type_2_num: 112
64, 50, 51, 
51, 50, 64, 
51, 65, 64, 
type_1_num: 162; type_2_num: 113
65, 66, 67, 68, 54, 40, 26, 
66, 67, 53, 
53, 67, 66, 
67, 81, 80, 79, 78, 
78, 64, 65, 66, 67, 
78, 79, 80, 81, 67, 
type_1_num: 162; type_2_num: 114
68, 82, 96, 95, 109, 
109, 110, 96, 82, 68, 
109, 110, 96, 82, 68, 
type_1_num: 162; type_2_num: 115
69, 68, 54, 40, 
40, 41, 55, 69, 
40, 41, 55, 69, 
type_1_num: 162; type_2_num: 116
70, 84, 85, 86, 87, 101, 
74, 73, 87, 101, 100, 99, 
99, 85, 86, 87, 88, 74, 
75, 74, 73, 87, 
76, 75, 74, 73, 87, 
77, 63, 64, 65, 
65, 64, 78, 77, 
65, 79, 78, 77, 
type_1_num: 162; type_2_num: 117
79, 78, 92, 106, 
106, 92, 93, 79, 
81, 95, 94, 108, 
83, 82, 81, 80, 66, 
66, 67, 68, 69, 83, 
66, 67, 68, 82, 83, 
type_1_num: 162; type_2_num: 118
85, 86, 87, 88, 74, 
86, 85, 84, 98, 112, 
112, 113, 99, 85, 86, 
type_1_num: 163; type_2_num: 118
89, 88, 87, 101, 
101, 102, 103, 89, 
type_1_num: 164; type_2_num: 118
92, 106, 105, 104, 103, 117, 
117, 118, 119, 120, 106, 92, 
type_1_num: 165; type_2_num: 118
93, 92, 91, 105, 104, 
104, 105, 91, 92, 93, 
type_1_num: 166; type_2_num: 118
94, 95, 96, 110, 124, 138, 
95, 96, 97, 111, 125, 139, 
139, 138, 137, 123, 109, 95, 
type_1_num: 167; type_2_num: 118
96, 97, 111, 125, 
125, 111, 110, 96, 
type_1_num: 168; type_2_num: 118
97, 96, 82, 68, 54, 
54, 55, 69, 83, 97, 
type_1_num: 169; type_2_num: 118
98, 112, 126, 127, 128, 142, 
142, 141, 140, 126, 112, 98, 
type_1_num: 170; type_2_num: 118
100, 99, 113, 127, 141, 
141, 127, 113, 114, 100, 
type_1_num: 171; type_2_num: 118
101, 102, 88, 
88, 87, 101, 
type_1_num: 172; type_2_num: 118
102, 116, 117, 
117, 116, 102, 
type_1_num: 173; type_2_num: 118
103, 104, 90, 76, 
76, 90, 104, 103, 
type_1_num: 174; type_2_num: 118
105, 106, 120, 121, 
121, 120, 119, 105, 
type_1_num: 175; type_2_num: 118
106, 120, 134, 148, 149, 150, 151, 
112, 113, 114, 128, 129, 
117, 118, 119, 133, 
133, 119, 118, 117, 
type_1_num: 176; type_2_num: 118
120, 134, 148, 162, 163, 
163, 149, 135, 134, 120, 
type_1_num: 177; type_2_num: 118
121, 107, 93, 94, 95, 96, 82, 
123, 124, 125, 111, 
111, 110, 109, 123, 
type_1_num: 178; type_2_num: 118
124, 123, 137, 151, 150, 164, 163, 
163, 164, 165, 166, 152, 138, 124, 
type_1_num: 179; type_2_num: 118
125, 111, 110, 96, 82, 
82, 83, 97, 111, 125, 
type_1_num: 180; type_2_num: 118
126, 112, 98, 99, 85, 
85, 99, 113, 127, 126, 
85, 84, 98, 112, 126, 
type_1_num: 180; type_2_num: 119
127, 128, 114, 100, 86, 
133, 134, 120, 106, 107, 93, 
93, 107, 106, 120, 134, 133, 
137, 123, 109, 108, 
108, 109, 123, 137, 
138, 139, 125, 
125, 139, 138, 
125, 124, 138, 
type_1_num: 180; type_2_num: 120
140, 126, 112, 113, 114, 100, 101, 
142, 143, 157, 
157, 156, 142, 
157, 156, 142, 
type_1_num: 180; type_2_num: 121
145, 159, 158, 157, 
157, 158, 159, 145, 
157, 158, 159, 145, 
type_1_num: 180; type_2_num: 122
146, 147, 148, 134, 120, 
120, 134, 133, 132, 146, 
120, 119, 118, 132, 146, 
type_1_num: 180; type_2_num: 123
149, 150, 151, 152, 138, 
150, 151, 137, 123, 109, 
152, 151, 137, 123, 109, 108, 107, 
154, 140, 126, 127, 128, 
128, 142, 141, 140, 154, 
128, 127, 126, 140, 154, 
type_1_num: 180; type_2_num: 124
155, 156, 142, 
142, 156, 155, 
157, 156, 155, 154, 140, 126, 
126, 140, 154, 155, 156, 157, 
126, 140, 154, 155, 156, 157, 
type_1_num: 180; type_2_num: 125
160, 159, 158, 144, 
161, 162, 163, 164, 150, 
150, 164, 163, 162, 161, 
150, 149, 163, 162, 161, 
type_1_num: 180; type_2_num: 126
162, 161, 147, 133, 
163, 164, 150, 136, 
164, 163, 162, 148, 
148, 162, 163, 164, 
148, 162, 163, 164, 
type_1_num: 180; type_2_num: 127
166, 165, 151, 137, 
137, 138, 152, 166, 
137, 138, 152, 166, 
type_1_num: 180; type_2_num: 128
167, 153, 152, 151, 
151, 165, 166, 167, 
151, 152, 166, 167, 
type_1_num: 180; type_2_num: 129
0, 14, 15, 29, 30, 
30, 16, 15, 14, 0, 
type_1_num: 181; type_2_num: 129
2, 3, 17, 
17, 16, 2, 
type_1_num: 182; type_2_num: 129
3, 2, 1, 0, 14, 28, 
28, 29, 15, 1, 2, 3, 
type_1_num: 183; type_2_num: 129
5, 19, 33, 47, 46, 
6, 5, 4, 3, 17, 
7, 8, 9, 23, 
23, 22, 21, 7, 
type_1_num: 184; type_2_num: 129
8, 9, 10, 11, 25, 
25, 11, 10, 9, 8, 
type_1_num: 185; type_2_num: 129
9, 8, 7, 6, 20, 34, 48, 
48, 34, 20, 6, 7, 8, 9, 
type_1_num: 186; type_2_num: 129
10, 11, 12, 26, 40, 
40, 26, 12, 11, 10, 
type_1_num: 187; type_2_num: 129
11, 10, 9, 8, 22, 
13, 27, 41, 40, 54, 53, 
17, 18, 32, 
20, 21, 22, 36, 50, 
21, 20, 34, 48, 47, 61, 
23, 9, 10, 11, 12, 
12, 11, 10, 9, 23, 
type_1_num: 188; type_2_num: 129
26, 27, 13, 
13, 12, 26, 
type_1_num: 189; type_2_num: 129
27, 41, 40, 54, 68, 
68, 54, 40, 26, 27, 
type_1_num: 190; type_2_num: 129
30, 16, 15, 14, 0, 
32, 46, 47, 61, 62, 
34, 20, 19, 
19, 20, 34, 
type_1_num: 191; type_2_num: 129
35, 34, 48, 
48, 34, 35, 
type_1_num: 192; type_2_num: 129
37, 36, 22, 
22, 36, 37, 
type_1_num: 193; type_2_num: 129
39, 25, 26, 27, 
27, 41, 40, 39, 
type_1_num: 194; type_2_num: 129
42, 28, 14, 0, 1, 
1, 0, 14, 28, 42, 
1, 0, 14, 28, 42, 
type_1_num: 194; type_2_num: 130
43, 42, 56, 
56, 42, 43, 
56, 42, 43, 
type_1_num: 194; type_2_num: 131
47, 48, 49, 63, 
63, 62, 61, 47, 
63, 49, 48, 47, 
type_1_num: 194; type_2_num: 132
48, 47, 46, 32, 
50, 64, 65, 
53, 67, 81, 82, 
56, 70, 71, 72, 86, 
58, 59, 73, 87, 
87, 86, 72, 58, 
60, 59, 58, 72, 86, 
61, 60, 74, 
74, 75, 61, 
74, 60, 61, 
type_1_num: 194; type_2_num: 133
63, 64, 50, 
50, 49, 63, 
64, 65, 79, 
79, 78, 64, 
69, 55, 54, 53, 
53, 54, 68, 69, 
70, 71, 57, 
57, 56, 70, 
57, 71, 70, 
type_1_num: 194; type_2_num: 134
73, 59, 60, 46, 
46, 60, 59, 73, 
46, 60, 74, 73, 
type_1_num: 194; type_2_num: 135
74, 75, 76, 62, 48, 
75, 61, 47, 46, 
46, 60, 61, 75, 
46, 47, 61, 75, 
type_1_num: 194; type_2_num: 136
77, 76, 75, 61, 
82, 83, 97, 
97, 96, 82, 
97, 96, 82, 
type_1_num: 194; type_2_num: 137
84, 98, 99, 100, 114, 
114, 100, 99, 98, 84, 
type_1_num: 195; type_2_num: 137
85, 71, 72, 73, 59, 
90, 91, 77, 78, 
78, 77, 76, 90, 
type_1_num: 196; type_2_num: 137
91, 90, 76, 
76, 77, 91, 
type_1_num: 197; type_2_num: 137
92, 106, 120, 119, 118, 117, 
117, 118, 119, 120, 106, 92, 
type_1_num: 198; type_2_num: 137
93, 94, 95, 109, 
94, 93, 79, 
79, 93, 94, 
type_1_num: 199; type_2_num: 137
95, 94, 80, 66, 52, 
100, 114, 113, 
113, 114, 100, 
type_1_num: 200; type_2_num: 137
102, 88, 74, 73, 72, 71, 
103, 104, 90, 76, 62, 
104, 105, 106, 92, 
92, 91, 90, 104, 
type_1_num: 201; type_2_num: 137
111, 110, 124, 
124, 110, 111, 
type_1_num: 202; type_2_num: 137
112, 126, 127, 141, 155, 
155, 154, 140, 126, 112, 
type_1_num: 203; type_2_num: 137
113, 112, 98, 
98, 112, 113, 
type_1_num: 204; type_2_num: 137
117, 103, 102, 101, 
134, 148, 149, 163, 
163, 162, 148, 134, 
163, 149, 135, 134, 
type_1_num: 204; type_2_num: 138
135, 134, 133, 132, 146, 
140, 141, 127, 113, 
113, 127, 141, 140, 
141, 140, 126, 112, 98, 
146, 147, 133, 119, 
119, 133, 132, 146, 
149, 163, 164, 
164, 163, 149, 
164, 163, 149, 
type_1_num: 204; type_2_num: 139
151, 137, 123, 124, 
124, 123, 137, 151, 
153, 152, 138, 124, 
154, 140, 141, 
141, 140, 154, 
141, 155, 154, 
type_1_num: 204; type_2_num: 140
155, 156, 157, 143, 129, 
159, 160, 146, 132, 133, 134, 
134, 133, 132, 146, 145, 159, 
134, 133, 132, 146, 160, 159, 
type_1_num: 204; type_2_num: 141
160, 159, 145, 131, 
131, 132, 146, 160, 
161, 162, 163, 164, 150, 
150, 149, 148, 147, 161, 
162, 161, 147, 146, 
146, 160, 161, 162, 
146, 147, 161, 162, 
type_1_num: 204; type_2_num: 142
163, 162, 161, 147, 
147, 161, 162, 163, 
147, 148, 149, 163, 
type_1_num: 204; type_2_num: 143
165, 166, 152, 138, 124, 
124, 123, 137, 151, 165, 
166, 165, 164, 150, 136, 
167, 166, 165, 151, 
151, 152, 153, 167, 
151, 152, 153, 167, 
type_1_num: 204; type_2_num: 144
46, 45, 
47, 46, 45, 
48, 47, 46, 45, 
58, 59, 45, 
59, 45, 
45, 59, 
65, 66, 52, 
66, 52, 
128, 129, 
130, 129, 
131, 130, 129, 
137, 136, 
140, 141, 142, 128, 129, 
141, 142, 128, 129, 
142, 143, 129, 
143, 129, 
150, 136, 
136, 150, 
4, 5, 6, 20, 
20, 19, 5, 4, 
type_1_num: 205; type_2_num: 144
5, 4, 18, 
6, 20, 19, 
19, 5, 6, 
type_1_num: 206; type_2_num: 144
11, 10, 9, 8, 22, 
12, 26, 40, 39, 53, 
13, 27, 26, 25, 24, 
26, 27, 41, 55, 
27, 26, 40, 39, 53, 
35, 36, 50, 64, 65, 79, 
37, 23, 22, 21, 
21, 35, 36, 37, 
type_1_num: 207; type_2_num: 144
41, 55, 69, 83, 82, 
42, 43, 44, 58, 59, 73, 
57, 58, 59, 73, 
73, 59, 58, 57, 
60, 74, 75, 
75, 74, 60, 
75, 74, 60, 
type_1_num: 207; type_2_num: 145
67, 66, 65, 79, 
68, 67, 81, 95, 94, 108, 
69, 83, 97, 96, 110, 
70, 84, 98, 99, 113, 
76, 90, 89, 88, 87, 
80, 79, 78, 64, 
83, 97, 111, 110, 
110, 111, 97, 83, 
110, 96, 97, 83, 
type_1_num: 207; type_2_num: 146
84, 85, 71, 72, 
89, 90, 76, 62, 48, 
93, 94, 80, 81, 
81, 95, 94, 93, 
type_1_num: 208; type_2_num: 146
94, 80, 66, 67, 
105, 104, 90, 
90, 91, 105, 
type_1_num: 209; type_2_num: 146
109, 123, 137, 138, 
112, 98, 99, 85, 71, 72, 
118, 119, 105, 
105, 104, 118, 
type_1_num: 210; type_2_num: 146
125, 139, 153, 152, 166, 
166, 167, 153, 139, 125, 
type_1_num: 211; type_2_num: 146
141, 142, 128, 
145, 131, 130, 116, 
149, 148, 162, 161, 
161, 147, 148, 149, 
161, 162, 163, 149, 
type_1_num: 211; type_2_num: 147
151, 152, 153, 167, 
167, 166, 165, 151, 
167, 166, 165, 151, 
type_1_num: 211; type_2_num: 148
153, 152, 138, 137, 123, 
159, 160, 161, 162, 148, 
162, 163, 164, 150, 
166, 167, 153, 139, 
139, 138, 152, 166, 
1, 2, 3, 17, 
7, 6, 20, 34, 
12, 26, 40, 39, 53, 
16, 15, 29, 
29, 30, 16, 
type_1_num: 212; type_2_num: 148
41, 55, 69, 83, 82, 
69, 55, 54, 40, 
77, 78, 79, 65, 
65, 79, 78, 77, 
65, 79, 78, 77, 
type_1_num: 212; type_2_num: 149
86, 85, 84, 98, 112, 
102, 103, 117, 
117, 116, 102, 
type_1_num: 213; type_2_num: 149
103, 89, 90, 76, 
117, 118, 132, 133, 
123, 124, 110, 111, 
111, 125, 124, 123, 
type_1_num: 214; type_2_num: 149
126, 112, 98, 99, 85, 
142, 156, 157, 
157, 156, 142, 
157, 156, 142, 
type_1_num: 214; type_2_num: 150
145, 159, 158, 157, 
157, 158, 159, 145, 
166, 165, 151, 137, 
137, 138, 152, 166, 
137, 151, 152, 166, 
type_1_num: 214; type_2_num: 151
2, 3, 17, 
17, 16, 2, 
type_1_num: 215; type_2_num: 151
8, 9, 10, 11, 25, 
26, 27, 13, 
13, 12, 26, 
type_1_num: 216; type_2_num: 151
35, 49, 48, 
37, 23, 22, 
70, 71, 57, 
73, 74, 60, 46, 
82, 96, 97, 
84, 98, 99, 113, 114, 
114, 100, 99, 98, 84, 
type_1_num: 217; type_2_num: 151
100, 99, 113, 
113, 99, 100, 
type_1_num: 218; type_2_num: 151
104, 105, 106, 92, 
92, 91, 105, 104, 
type_1_num: 219; type_2_num: 151
111, 110, 124, 
112, 126, 140, 154, 155, 
113, 112, 98, 
98, 99, 113, 
type_1_num: 220; type_2_num: 151
149, 150, 164, 
154, 140, 141, 
141, 140, 154, 
141, 155, 154, 
type_1_num: 220; type_2_num: 152
4, 5, 6, 20, 
6, 5, 19, 
19, 5, 6, 
type_1_num: 221; type_2_num: 152
37, 23, 22, 21, 
60, 74, 75, 
16, 15, 29, 
29, 30, 16, 
type_1_num: 222; type_2_num: 152
102, 116, 117, 
117, 103, 102, 
type_1_num: 223; type_2_num: 152
166, 165, 151, 137, 
2, 3, 17, 
26, 12, 13, 
13, 12, 26, 
type_1_num: 224; type_2_num: 152
154, 155, 141, 
141, 155, 154, 
141, 155, 154, 
type_1_num: 224; type_2_num: 153
102, 103, 117, 
26, 27, 13, 
13, 27, 26, 
type_1_num: 225; type_2_num: 153
End of routing algorithm. Slot_size: 32
End of inform recording. 


45.45%

