0000525252230000350025003500000000000053000000002323350023000032
0045525442424352345200350000005232002532522524540000242500000000
3500525342354243004335420000003524424224244242002434520052520025
0000535343004323433523255242245252345442452554454200250043244342
0043525323243200242435523435424323424224004300002400433400000025
0000545442232434452352253242540043343543423524530000000032342335
0000325454004324353423234352454300000000340043002335255354004500
0000525242243532545425003500004352350000000024003432350000000000
0000525442424200344200350000005335234252240000000035254200000000
2300525342004243450035453200002453005400434223002432000000453200
4200535343004323433523255224420000000025240024425200004200252400
0000425323245253242432540035422545245400340000000043422424450000
0000545445232434422335004524003443320023003553002334540043000000
0000005454000054350043340000000000543545003554005335000000350000
0000520000003113522331000000000000530035251200002135131300311300
0000000042003124133142325252310035313432000024430035000000232323
0000352100144353311300124241424352520025344200210035355454242135
1554000013121331131313001345432143244342535423452335235454001500
0000001351131542210051310034323400151323544224132431000013350000
1535532552312415524351153553523141241331541324433512512152313525
3134525254354131150042251513132442155132542353311554134335144300
0000355241410000522431354254003135134224534231312135530000002500
0000000000422124523142535235415335145315433224410035350024000023
2532152524145343311241004200423552521352545215411335340051240000
0024544513121331131313451352432543524342534223422335235425002400
0000533500131342311352313524324200005143544324432442341534350024
0035520052513215314535144331525142421331541524311352154325341300
0000005343354100453100001335530041534541545335310000144100000000
1500533521250032211352133552000052315213530053215235003115130000
1513542421252421004115254152314131314300432452215212425252355215
4124542424242100131400150053004335135124002400214100434542414200
4554545454511552152515151552155215541554155415511552155215524554
0000535223150014004132313131004225420000131532510013004123421342
0042545112420000000031154531341300410042130021134213242131000041
1500324132514342525200520000001515512325244100151454412313153151
3100005345254500214143432541212354242413313113215254000012000000
0015002425252421000034312414213454130031122415213100425252524200
4524342424242100131554005431000000000024132445215100130042434241
4554545454511552152515151552155215541554155415511552155215524554
0031000013533114134131125100004200420000251335133113314123420042
1542005331003123310035210042135200412442125152523523143100133541
0000004153141331003400310035134314435313314143144343000000000035
2331525313513200252531153515002135000032001212311351002323000015
0025531342522424450025253124313100353553134513434324242123235400
0000525324244242242415542525311300150013350035242454242415232334
0000545445255454454554545252255252522552355454355454355454355353
1500255412001323315151212453454524424242314215005353351552001300
3425005200244300215454513100245353120045454215423515311500004335
3100515400422400125335355400000000000043150035450045230051131524
0000520024135343252542001212533535132151321200351400252323343100
0000540042522424313125254551454524510013002341422424240023232532
3145520024244242242413312525545335350054005314242445242414232312
0043545445255454454554545252255252522552355454355454355454355353
0000525451521313315215252400454524424242314251155115001525001521
0000310041132142311454420052240015003545454231420051341331540015
0000000054511351154100315443004315153113131300451545131300310000
0000155351121200313531005235313500510000532123000000120000151531
0000000012152342425221005151423121523554541313351215153545531515
1500000054134200244243423100240042123142311252353500430000310015
1515000052005400420025433443000053234142004132454100005135350000
1525523532524135141343355300001400005123234200234132121335003500
1300520043004243120031523223353552141435355431432100004543213124
0000005342000000413143140042450000004200311554000035522415343113
3500355253524212121535355231314313005115433132250054005141151500
0000005332423141434243350053420052525235531435154225352300511515
1500350000004243002100431223212142124242420052140054455353532115
1515351552525324423225243434420025354142434142524100005154000000
0035530000244142141445425200340042353153534235004342352500000000
5135355400533113004223003545420031004500310053433124214300150000
0000530000000000143100433535001341130000001313145400003115150000
0025530000122131213235312131000035000000002313521500000000210000
0000005324002442130024420021003521350024002123131241002400000014
0000540024005313244221241545245331543124243131252524423112000035
0000540000005400242421435415001500541415512434540000313145004525
0021515200212454542100151500120052005234001515512315210021140000
0000155454421554211231233131001345214100410054002415543551351554
0015000000132441532435431200002400003100355334310052352151003523
3125252554001224212100313154453252151331513215350034004352243125
2424510021142424422113001200001200414300310012452152005425144224
4100540024240024251342525215421552420053350024234252244235141414
2100545400542431120021214542423143354245245415232400424200420032
0045520014000000343443253123004141535400411414353100155345432441
3135000041520013001431541535313500352152350031521313255224120031
3500000013530041000031310015355354133513004335151441540000430045
0035520012210051312100213500310023005353000000151232000035000023
0035522442134324002415350031243153525232525252351512424200540000
0024520042244224131235005400210021120041414542424251004542412300
0023535443544323433523455415540025005242210052004141422324004554
0000005300240000243500230035240000212400424200004254140043000024
0000005400352400312431312413525454150000003542450031423100540000
0015525254003514212314003512520041523135213100134135000041230000
0000520042435424002121233531004543215441123100510032002431153123
0035523542544324542400351300002453353100133545000054234200545335
0025520042244254000035133224000000522123001200252413215200450000
0000535443314323433523540031423124241542522424455415000000410024
0000355300242121240031231335341442000014544141520035000023140013
0000005454542400311400312121002100004135213552000042141532313131
0000000054001313313154543154000031135415311500134335004300004115
0013000035003100525331003153520035231332121200313535210000000021
2532000000000012133142315231002443311332234142432435520023240021
1335004500005300314313004224423552325432534234004335543442242435
0000521513521331131313541352432543004342534223452335232424154252
4342530042132341355200315314004200003500544224422434340000351325
0035004124004152212152430023521500420031540024412341002500340000
2300542521352424234231144235232541210041545224310014005200520015
0014543524242415520031415414425435001521245235410035210021425442
1341545454000000133142355200153141341431000013432435240013310041
0000005200005300310051324215423552520032001554005435321300230025
0000525113421331131313211341432543004342534223002335235445240000
3113530042130042515435313114150000230000544224412452523400351500
3235520052524100524125255235232452212331542524432300514141213200
4500450043354141141441355454413454004114540054310013133435130053
0000211321250000213521120052211325310013155131215200005300000000
5453542400252421542115215445244135311553132413212512425252321551
0024152424242154135400151431535100510024512414213551154542414241
4554545454511552152515151552155215541554155415511552155215524554
1500135212002114134100232500124221420000005352513123354100422342
0042355254424552255434522515541545410042255200544352155154533541
0023154100422442214214315242232315522453524100420052354235000052
0041005324252442214300425454414234350043213543215242004300430024
0035142424252421004112005341005100412400352453211512424152541300
0024542424242100135100004531000054310024002400213100004542154213
4554545454511552152515151552155215541554155415511552155215524554
0000001512250014314151355252004200420015000052002321004152423142
2342002423004332002300310053424213415242132554544215153551004141
3514544153351354004100350051000043430034434135005351411515535413
2300520053150031252535350053005132123500311353002500002323120000
0000531342522424000025253535313123324242231314001324243123232443
3500520024244242242413312525545313355445454331242453242454232300
0000545445255454454554545252255252522552355454355454355454355353
1323525415520053355215252413454524424242354251122135001353230000
3135525343000042212454420035243523000045454234420043135431000014
0000531342002424354100005442243513130023231200452145312323003200
4200520054144200252500155400514135242431351334431324242323130015
1525450042522424435225252552135424002100530000541424243523230031
0015520024244242242414412525544134005353350051242435242435232334
0000545445255454454554545252255252522552355454355454355454355353
0000005453002100002100352423454524424242004200353552135221355253
4325150054511334152154142300241323001545454215420031244352430000
0015533100001354153154355435543500311313310013455445130000004114
0000130023311232212100525200311331322100000023151300000000151523
0013545312132424424531313141425124521545545315123551155353241515
1525350024244225522142231223542142121242313552155243351435532115
1515545425240024422443244524420000254142424152004100425124000024
0000141453542124521443545235251445352152254542314200545242141313
3535005324141200000042213421420024001400514200234300411515424131
0000542512152153452423244221545242521515521415433152520031131543
0034350024004224242400245253412300414142513242155215134243151513
2300545223545454455415352554425213523553534212424231420000411515
1500543500422323353524530035312342422142121252414345413543315415
1515000054545342243500000054000024234142004142424100355100002300
0012525300521452254135523552241400002552004131524242353114353500
0000134342212442134223005443134224121300004200310042454500132313
0031005414004331144100410031343100433143151500431300004314000000
2515002115511525000000005100215100120000520000001525120000000025
0054001500142512212121002400005200250042000041140000000042141400
2100000024252424244224000015001400422121004200522100211200004212
4545242424242400542500421500000024540042000054455442525200425400
1414545454001224000000211545242100000000004100000000004242420045
0025005200140000422421005424250000000000002500005215150000414141
0015000000420024241242541400000000000024000021000015410000000014
2115525225545442250000424500251200145251542500000000000015521221
4500145242421400004125252445000021421224421212210000000000542442
0041250000424141141424215112245200140045455442424221155154001500
1400000000000041145452005400004525420015000000544145450000000000
0000000000120000210021004200240000000042210000002121002121000000
1515005215152442245215001400421215005400154124540024240000520015
0000000054415400154500415151000041450015541500545415150000150041
