0
246.72408082673434
244.37495073387382
243.7932249919456
247.57972758790794
218.41461844578495
240.64761284572228
244.7693461804847
240.9187483246464
239.74979340119128
244.7053115516506
242.95331950191382
215.93593688022648
245.53919050313047
249.51290968486046
252.34354567401925
251.8820642743778
249.48270558328358
247.15768518702728
251.44245526644622
238.8115362625027
240.34272768217346
242.47712218772077
244.37690707735112
245.32869460582597
234.91932118555968
253.9589606170481
237.49154591202915
240.2068709671926
250.03008996141935
247.81681017562744
246.33449492490888
254.10289550284585
245.85814859878803
250.09002788330707
238.34534345769148
244.31140578775495
247.8747514319722
236.54011443631305
245.34797079211438
236.73946015072448
249.14757023348628
239.21924232898925
244.06968554447604
244.14810544140363
224.64806773712843
243.99290374116686
244.48443968261302
249.32655506897552
242.45502301769224
246.55667806290685
246.69273849389504
241.42541600382094
241.45311092660896
241.25585136751704
241.31616641120567
243.51475592995112
240.82283591834596
245.4112143260292
234.16314657822633
242.27455739805194
249.45070295338368
237.72117551594323
243.56854083277574
245.67202836730695
245.1338639062539
247.82116062282634
239.9201622258504
245.30441918044474
241.61616809314162
240.06447800891718
241.64447373369458
252.322800331747
238.41251975905266
241.21986850535777
246.11856897475883
242.87255377808052
246.41308491499908
250.29968257939194
249.84714790683034
250.90335844428662
245.07231914525926
245.92990652319213
240.83105948159547
214.4416459758348
231.5445064725629
236.897960870098
239.6468563847608
250.18598448646188
243.1788189432339
250.52668677867763
246.2875292384083
246.77822327701762
237.1313323327737
248.97724335897772
242.06212854356866
247.26200424117664
247.76049753087767
225.35024796809128
247.71709756197774
241.4963126925737
246.79502385335178
239.74524342111877
234.90771925056438
246.47480510971755
250.32121501442296
250.2730178030688
247.6811413009118
240.92161212145578
247.1358390027598
245.11290223857995
240.17386446472017
243.94204226978783
240.3627391566718
239.411941853556
238.74082327399967
242.02292949613172
240.55743970729912
238.26456236881026
239.03164226892798
248.61564900286166
211.76333027378672
234.14846459006412
237.35744731153147
251.44970634958955
238.6493253081643
243.7292883749002
244.62991923843282
245.07259443461186
243.31313865759827
244.22680895818044
242.86312531637884
238.01949092521625
244.23797850956953
246.51082560946384
246.2486263707048
242.9223584578238
240.5507085702181
236.1379324640584
255.61071643397932
241.07632656053607
240.30501811834006
244.55793703998384
250.68767865016903
247.01861347474775
236.26872962384778
249.74931170856496
210.40749484031096
244.78206774422952
241.9890446265748
246.02776334850208
246.93503109995973
240.43780324185087
247.14370483589752
236.7087837850216
249.34255379573173
243.11078278112387
244.5173919764184
224.5177615641676
242.71662376862665
246.34058149734958
238.63040275721048
241.0459710777384
244.6494969545119
241.74194248795635
243.36698514549042
244.2481959259199
250.82441396491342
244.36485550212348
247.59879392537675
242.7910943437432
241.02054423931583
237.95500042086607
238.07599761744953
210.71188260550227
232.60491860072923
239.43544481953947
245.8423113081957
253.56086418900097
235.6426081679695
231.74847224215694
235.24426686059962
247.31913609530193
242.15691776781279
248.12153741421017
246.85429752976404
240.65669461206065
238.4451102752911
252.1970495350151
237.1938887479989
256.76283950157847
240.21444772864794
246.97405809447494
256.53557186878703
0
248.5502987287765
0
241.39845087168933
238.8372967986127
237.55094570068556
238.29410581922693
252.71977439922867
243.39642485927914
244.08873462492053
245.83198865314253
246.10428151240555
247.05201514365888
240.0885000927496
240.8309977140546
241.22308656786467
239.6740954258528
222.65913144431232
238.87499747002684
236.76159368319517
237.70944285897872
247.60281791374175
246.34437499453452
245.12128469453884
212.31047926041975
244.07181579729465
242.29332925584924
258.17716525703867
246.54060154757963
242.2538596653025
246.45275409732008
246.10826933742203
239.53059499711577
241.77939760755763
242.60323226225262
260.0118266401504
243.19155365267505
240.79066688585257
235.6161023099782
246.0957014396347
247.13293116857062
236.9340072282369
248.91950467305492
249.820492422325
226.15007185433635
247.40753532110395
247.6243898273526
233.97143754167809
236.13394403710822
251.18142217136705
248.3227721348561
245.13134561603894
243.28969521535373
243.17089684380977
242.2518620439106
242.60846122519587
245.31690997700238
242.25711494085948
250.514781341302
247.12754656719156
242.07134250609013
242.41950162286764
245.22933471424716
241.87539509821147
239.00371645697916
241.3665564128832
247.2894240610219
235.41493804507004
238.614639986886
243.56023233788642
236.3608994847885
243.46012044011593
252.89021382843458
243.2073840542344
241.74163333153058
249.347322358711
240.7044866935198
237.27619954014187
251.298344819133
241.4752395303243
246.67004816832622
238.8925467002155
233.46991315303035
246.78934968584682
237.3367897898485
240.4961195178169
245.58640106395828
244.95729511850428
251.8495572243017
241.4903348639548
257.4447304413339
231.1718080716548
249.94013153983346
240.51506848040353
242.28065896200127
236.8416021000143
239.7469909981921
244.9234005755895
252.31220085891437
248.5580337813972
242.14321246525773
240.06769079470857
231.75166984196042
245.15631520462296
238.98946495738696
248.09850120567253
242.81933914513584
247.35224715551547
244.35730995888048
248.04015945486037
244.24758346534455
247.6242402668428
243.98221388273757
239.4358738421397
252.28036093773443
246.1444145983093
234.1468245106396
241.47210421955901
243.8769712818603
245.09080239274687
243.78133146629654
256.0633209393239
240.20216920273882
238.00988297308535
214.29377521710043
246.5514626082222
245.80008705183636
248.19576994240043
255.2075916353975
233.92623111666654
247.61227694414163
248.86473381952152
238.90088842480486
243.39084447095522
245.518866706042
242.2710748104219
249.9573466974449
247.10147925203475
245.39745217837378
238.17919260181827
249.86657679005677
247.97677765065234
251.40706998997646
240.30638770948602
240.44412264623372
245.51949256869625
244.58201409390168
254.0264839295142
243.95673440491146
246.45675626298785
240.34333898013094
249.88613142101056
245.63952094516125
244.94477053997895
243.13626652484047
235.20238867220203
247.428953272276
246.00495605714258
242.0752691888965
240.4728005155672
218.77120041001353
232.4924330064999
244.30302563409646
244.84065670015224
209.7148640539375
242.17300711049114
247.5172972476249
244.25841097302134
244.777138462018
223.41501887148272
242.73743743455296
243.72736613103692
244.58977548774524
250.21739913230869
245.58702378838856
240.29412918061885
237.45750897542416
240.22722766320157
241.78782132328206
251.43544910643874
249.47565894388077
235.0140847646321
211.59543448626852
248.66699607359283
248.93060772899486
246.3676568183602
245.13014274725705
242.6048635377469
250.28182119704292
248.5663121845199
238.07127596417124
241.54065475118946
247.778269753163
242.56132768103518
251.15007322486335
252.3921703127187
0
245.72193438059517
0
207.35033780322033
210.07837812741676
173.1388063350447
208.1875415313628
227.79040768966712
205.00034839217778
229.26737628619293
231.6238054839057
231.37828225083499
238.0804165632464
238.7012250451644
228.00603410499596
246.68555464771336
234.2706500580701
244.93403816496757
232.39357452124207
250.68297369123496
251.65335120392882
247.0140587928814
213.6746202148975
237.73175140966072
251.61885475829936
244.31023920615152
210.8793955863043
238.99473789470565
249.18656240317077
236.55858162031484
253.41429632150948
255.9809114916034
236.40188889325833
243.1060344298864
250.30441509886478
246.72463863354187
240.78006601893165
242.30995152174674
246.8150899101059
226.6615221690088
252.63187617419976
251.42407540588533
236.3022515620118
244.27277817444943
245.99169418136333
243.86026471195024
245.19534131191412
247.09101345393944
249.51109707065734
240.62786670892496
242.5664077692149
246.8898780219672
242.63819164020487
255.1414736626209
244.72998438288832
246.05954444308585
234.76410358800888
237.94286489954715
249.27226756287448
239.9748347182294
236.29171927176102
240.8534306910251
245.5940696885438
253.63365007622357
240.8212842843595
237.195059870512
239.22513830292775
245.9323423595549
231.33577152424886
250.1510974457976
241.59643463521752
248.48424442119466
245.49475924112468
244.3729481757687
243.54030980649577
248.64829017111103
244.69680513767887
245.34550625036667
250.0500183490912
249.96115198153527
212.8982439150306
244.9005489496311
242.23881974326883
241.02736297637026
244.80644545575376
242.72113129631407
233.76588173862342
240.20755143097594
250.9081756048782
237.4324736318703
247.32346740233953
254.4307577986556
246.30915939333008
242.10835786931068
248.15665746232676
240.44042757861726
251.50664714076163
245.91607903916497
226.92660538128314
207.93710997545097
248.3403558735623
234.69571932338067
250.8287139919808
239.96582242836533
211.78462861858958
243.95143572364134
242.28735497708402
239.87141494531693
249.05258101775007
235.64885421372557
249.36384291268905
254.55136875180747
248.99433030540087
246.00225409952677
245.9658950448133
240.66509736312418
253.75321661413057
240.59417728930762
251.50004384076735
244.77418601544062
244.34943345907334
237.53062587419447
247.13996693260643
244.4824806488509
242.98588463430167
247.8758268206881
242.3645875231848
243.7334835535058
246.06091877952943
222.25828118259764
204.7143287162738
242.63338825505002
245.44183850914857
251.88572418049085
243.10186495201148
237.1387002744217
244.71388338280215
246.13989991946482
247.60312493697398
245.26449917638206
245.32728728863046
244.78296223328465
241.18191603879896
238.79446298820687
245.41898659892826
227.80869659390288
210.6897335186351
247.14286719809206
250.40874942181674
241.85739620484875
245.99854445876886
240.40891675042425
239.1544127738837
238.99435901761572
246.62129309036112
250.66196022208348
242.62584231753993
251.7819492353564
237.5783413869541
252.39354862478098
248.40993505719624
246.12754539281178
236.2432850486217
253.56283375977526
250.12458612229977
247.7335054662115
244.17368391448923
232.9816924154673
245.48006892816724
245.66366761186998
242.92429581319368
236.23858250253977
245.20246877762057
254.12494202963552
244.22353086294635
204.08720125622017
220.55124114488805
240.19033387309904
244.76327306801113
238.28584639125927
237.8163743102112
241.49039940552018
245.4980725492116
243.42251609277713
249.38653821426982
249.3306962556558
256.2444271518829
242.1993537706946
241.6713515201477
242.46407774096178
238.21294311848374
249.69979580562415
250.5726585082438
241.0766801984157
248.98987771927568
240.79808119381815
0
245.72193438059517
0
245.72193438059517
0
245.72193438059517
0
228.15453717300272
222.6357698297531
242.92997419102508
234.93387148717946
221.2376590648159
223.74148734903545
227.59540258530643
224.81855978574507
196.5943580972399
221.37371938795698
223.72429655940175
227.2556335022476
239.11025396077852
233.1235922461541
231.72534156353646
225.56886680740263
241.37376110806505
239.81144663966765
230.41825045269238
225.58141078977033
235.41360790111074
235.27010673181715
240.15796919291668
235.73721602965279
233.72311421162098
239.07541781194337
246.727120348264
226.9291036775183
238.35244546154604
235.81230034964747
238.4408948477033
237.03035888050098
236.56994484316243
232.92923888333226
236.13010622650893
235.8203792616334
235.39184680255636
211.80092892573637
230.4377222445534
211.17991539773112
213.42851100000237
219.8204668661356
215.8449258810753
191.89495371408952
101.95645473910287
95.39739486238022
202.13720238029313
211.1767611069428
205.26480036027073
210.29819085054285
204.4475349145732
201.82022681708548
224.97586845709543
228.21156684250278
218.6744123331819
233.97901022065332
226.73118534073467
233.91300357862062
217.45688462091783
229.21009290234176
207.541437838027
245.70288105812656
225.21589218892277
230.3245820376129
239.8269658454917
226.45559905350078
241.19714189844575
229.89704951148795
222.39317747766592
226.3177557406463
204.12073658310055
231.21564844040546
227.84609894313425
229.2079368271784
229.80086909473465
225.0547135721098
230.51264252130835
236.3495362292255
234.87011374865344
229.24965625463207
216.75614198232125
234.73399596905185
230.4914066768626
229.57458048220616
233.12054631068872
231.61727673452896
221.09983359902026
223.8193909484806
223.25351221774793
232.42573630339936
233.00778736851237
233.99142033009286
225.1808646412406
232.42933788237573
235.56679652293087
231.36075448826975
227.7373197511326
225.73000199206555
229.13523238501858
231.6964761373613
226.33638799904887
224.89492696354586
228.49037255433996
217.12719153394974
229.25429919495932
221.5092090040762
234.90204868770726
226.4024916552318
235.700931355058
237.87485014088819
233.80738153696421
227.73067829775272
223.11737829288998
232.33072122630657
229.91241879395133
220.82428327689536
233.6568318715578
227.93639743566402
212.05291157227794
204.20642046239982
232.31861157890557
204.64336730166883
230.72673211227928
211.63398944869877
222.98247765858105
226.51500442259248
229.64763463390446
225.95331306098979
227.01092570392262
232.10676765061683
235.96020864593027
227.4219079067265
227.96899623263747
230.6457080512183
231.4071853943541
220.89665299494393
223.21444979426613
230.66059740366572
226.93223601006432
229.223416616598
231.6847149622627
227.28222906246384
230.93323050575367
229.0975592029866
239.5965101649047
235.88554518587756
224.36962977252676
222.65848814145298
233.8093732857198
238.83931635134587
211.26194147444835
229.56457733511064
230.1381629825497
233.1515671786227
225.53765345747996
218.36466734570604
234.87746247762837
231.889610301709
235.40917091332958
219.44117984957464
233.62303983659933
227.80503216693216
224.5158959987761
220.09155038558927
228.35574016188585
220.4021069568883
221.16939814117774
225.48766107254957
225.77936107776722
224.88552016637243
227.02974004871172
226.84094628502555
221.20963708014833
227.6621772613899
228.56881805054113
225.48236886728992
222.03578206393152
222.0161300123591
225.02191243597767
214.20202140776914
218.082881950089
211.12714188888648
227.4024530980453
226.1504896805638
227.51869930589407
223.92936727610856
219.81073746619276
207.16099195090132
209.38109465550804
210.06027905658678
216.5017691796613
222.07495846121958
218.93712477036655
0
242.97604324874752
0
223.43817016586303
0
223.43817016586303
0
553.7958706183721
0
0
248.5502987287765
0
248.5502987287765
0
248.5502987287765
0
223.58830622359693
0
248.5502987287765
0
248.5502987287765
0
223.58830622359693
0
223.58830622359693
