0.66
0.554
0.485
0.493
0.595
0.522
0.491
0.474
0.543
0.805
0.792
0.905
0.899
0.764
0.965
0.891
1.222
1.243
1.25
1.045
0.972
1.082
1.268
1.203
1.142
1.017
1.005
0.958
0.866
0.857
0.924
1.203
1.661
1.631
1.668
1.488
1.162
0.978
0.935
0.83
0.735
0.856
0.827
0.892
0.833
0.525
0.447
0.65
0.692
0.681
0.912
0.773
0.905
0.814
0.79
0.687
0.798
0.977
0.594
0.419
0.542
0.595
0.587
0.648
0.601
0.746
0.678
0.52
0.506
0.533
0.579
0.558
0.631
0.789
0.799
0.831
0.861
0.765
0.586
0.552
0.568
0.595
0.714
0.707
0.782
0.776
0.803
0.667
0.683
0.776
0.738
0.716
0.588
0.706
0.654
0.697
0.836
0.895
0.823
0.843
0.961
0.924
0.717
0.768
0.827
0.724
0.818
0.843
0.637
0.611
0.669
0.657
0.948
0.631
0.594
0.511
0.611
0.615
0.661
0.688
0.758
0.803
0.754
0.68
0.737
0.835
0.928
0.886
0.927
0.82
0.904
0.825
0.768
0.753
0.734
0.536
0.46
0.425
0.386
0.423
0.435
0.478
0.446
0.421