32 0 0 30 31 0 0 0 31 0 0 0 0 0 0 0 0 0 0 0 0 0 0 0 0 0 0 0 0 0 0 0 0 0 0 0 0 0 0 0 0 0 0 0 0 0 31 0 30 0 0 0 0 0 0 0 0 0 0 0 0 0 0 0 
32 19 0 0 0 0 0 0 18 0 0 0 0 0 0 0 0 0 47 0 47 0 0 0 32 0 0 0 0 0 0 0 0 0 0 0 0 0 0 0 0 0 0 0 0 0 0 0 0 0 0 0 0 0 0 0 0 0 0 0 0 0 0 0 
32 43 0 0 0 0 0 0 0 0 0 0 0 0 0 0 0 0 0 0 0 0 0 0 0 0 0 0 0 0 32 0 0 0 0 0 0 0 18 0 0 33 0 0 0 0 0 0 0 0 0 0 0 0 0 0 0 0 0 0 0 0 0 0 
32 34 0 0 0 0 0 0 0 0 0 0 0 0 21 0 0 0 0 0 0 0 0 0 0 48 48 29 0 0 0 0 0 29 0 0 0 29 0 0 0 0 0 0 0 0 0 0 29 0 0 29 0 0 0 0 0 29 0 0 0 0 0 0 
32 0 0 0 0 0 0 0 0 0 0 0 0 21 0 0 0 0 0 0 0 0 0 0 0 0 0 0 0 0 0 0 0 0 0 0 0 0 0 0 0 0 0 0 0 0 0 0 0 0 0 0 0 0 0 0 0 0 0 0 0 0 0 0 
32 19 0 0 0 0 0 0 0 0 0 0 0 0 0 0 19 0 0 0 0 35 0 0 0 19 0 0 0 0 0 0 0 35 0 47 0 0 0 0 0 0 0 47 0 0 0 0 0 0 0 0 0 0 0 0 0 0 0 0 0 0 0 0 
32 20 0 0 0 0 0 0 0 0 0 0 0 0 0 0 0 0 0 18 0 0 0 0 0 0 0 0 0 0 0 0 0 0 0 0 0 0 0 0 0 0 0 0 52 0 0 0 0 0 0 0 32 0 0 0 0 0 0 0 0 0 0 0 
39 0 0 0 0 0 0 0 0 0 0 0 0 25 0 0 0 0 0 0 0 21 0 0 0 0 0 0 0 35 0 0 0 0 0 0 0 0 0 0 0 0 0 24 0 21 0 0 0 0 35 0 0 21 0 0 19 0 0 0 0 0 0 0 
39 0 0 20 0 0 0 0 0 0 35 0 0 0 35 20 0 0 0 0 0 0 0 0 0 0 0 0 0 0 0 0 0 0 0 0 0 0 0 0 0 0 0 0 0 0 26 0 0 0 0 0 0 0 0 0 0 0 0 0 0 0 0 0 
39 0 0 21 0 0 0 0 0 0 21 0 0 0 0 0 0 0 0 0 0 0 0 0 0 0 0 0 0 0 0 0 0 0 0 50 0 0 0 0 0 0 0 0 0 0 0 0 0 0 0 0 21 0 0 0 0 0 0 0 0 0 0 0 
39 0 0 0 0 0 0 0 0 0 0 0 0 0 0 27 0 0 0 0 0 0 56 0 0 0 0 0 0 0 0 0 0 0 0 0 0 0 0 0 0 0 0 0 0 0 0 0 0 0 0 0 0 0 0 0 0 0 0 0 0 0 0 0 
39 23 23 0 0 0 23 0 0 23 56 23 0 56 0 0 0 0 0 0 0 0 0 23 0 0 23 0 0 0 0 23 0 0 0 0 0 0 0 0 0 0 0 0 23 0 23 0 0 23 0 0 0 0 0 23 0 0 0 0 0 0 0 0 
39 0 0 0 0 0 0 0 0 0 0 0 0 0 0 0 0 0 0 0 54 0 0 0 0 0 0 0 0 0 0 0 0 0 0 0 0 39 0 0 0 0 0 0 0 0 0 0 0 0 0 0 0 0 0 0 0 0 0 0 0 0 0 0 
39 25 0 27 0 0 0 0 0 25 0 0 0 0 0 0 25 0 0 0 0 27 0 25 0 0 27 0 0 0 0 25 25 27 39 0 0 0 0 0 27 39 0 0 0 0 0 25 0 0 0 0 27 0 0 0 25 0 0 0 27 0 0 0 
0 32 0 0 0 0 0 0 0 0 0 0 0 0 0 0 0 0 0 45 0 0 0 0 0 0 0 0 0 0 0 0 0 0 0 0 0 0 0 0 0 0 0 0 0 0 0 0 0 0 0 0 0 0 0 0 0 0 0 0 0 0 0 0 
0 32 0 0 0 0 0 0 0 0 0 0 0 0 0 0 0 0 0 0 60 0 0 0 0 0 0 0 0 0 0 0 0 0 0 0 0 0 0 0 60 0 0 0 0 0 0 0 0 0 0 0 0 0 0 0 0 0 0 0 0 0 0 0 
0 0 0 0 0 0 0 0 0 0 30 32 0 0 0 0 0 0 0 0 0 0 0 0 48 0 0 30 0 0 0 0 0 0 0 0 0 0 0 0 0 0 0 0 0 0 0 0 0 0 0 0 0 0 0 0 0 0 0 0 0 0 0 0 
2 0 0 0 0 0 0 0 0 0 0 0 0 0 32 0 0 0 0 0 7 0 0 0 0 0 0 0 58 0 0 49 0 0 49 0 0 0 0 0 0 0 0 0 0 0 0 3 0 0 0 0 0 45 32 0 0 33 0 0 0 0 0 0 
0 0 0 0 0 0 0 0 6 0 2 0 0 0 0 0 0 0 32 0 0 0 0 0 0 0 0 0 0 0 0 0 0 30 0 0 0 0 0 0 0 0 0 0 0 8 0 0 0 0 0 0 6 0 0 0 0 0 0 0 0 0 0 6 
0 7 0 9 0 0 0 0 0 0 0 0 0 0 0 0 0 0 0 0 0 0 32 0 0 0 0 0 0 51 0 0 0 37 9 0 0 0 0 0 0 0 0 0 0 0 0 63 0 0 0 0 0 0 0 0 0 0 0 32 0 0 0 0 
0 10 0 0 0 0 0 0 0 0 0 0 0 0 0 5 8 0 0 0 0 0 32 0 10 0 0 0 0 0 0 0 0 0 4 0 0 0 8 0 0 61 0 0 0 10 0 0 0 0 0 32 0 0 0 0 0 0 0 0 0 8 0 0 
0 33 0 0 0 0 0 33 39 0 0 0 0 0 33 0 48 48 33 0 48 0 0 0 48 0 0 0 0 0 0 0 0 38 0 0 0 0 0 0 33 0 0 0 0 0 0 0 0 0 0 0 0 0 48 0 33 0 0 48 0 0 0 0 
12 64 0 0 12 0 0 0 39 0 0 12 0 0 0 0 0 0 0 0 0 12 0 0 0 12 0 0 12 12 0 0 0 0 0 0 0 0 0 12 0 0 0 0 0 0 12 0 0 0 0 0 12 0 0 0 0 12 0 0 0 0 0 12 
69 0 0 0 0 0 0 39 0 0 69 0 0 0 0 0 0 0 0 0 0 0 0 0 0 0 0 0 0 0 69 0 0 0 0 0 0 0 0 0 54 0 8 0 0 0 0 54 0 0 0 0 55 0 0 0 0 0 0 0 0 0 0 0 
14 0 37 0 39 0 8 14 37 0 0 0 0 0 0 0 37 0 54 0 0 14 0 0 37 14 14 0 0 0 37 0 0 0 0 0 0 37 55 0 0 0 55 0 0 37 0 14 39 0 0 0 0 37 14 0 0 14 0 0 0 0 0 0 
0 0 0 37 0 0 0 0 0 0 39 0 0 0 0 37 0 0 0 0 0 37 0 0 0 0 0 0 0 67 0 0 37 0 0 0 0 0 0 37 0 0 0 0 0 9 0 0 0 0 0 0 0 0 0 0 0 0 39 0 0 0 0 0 
0 14 0 56 0 0 0 0 0 0 0 0 0 11 0 39 0 0 0 0 14 0 0 0 14 0 0 0 0 0 0 0 0 0 14 0 0 0 0 14 0 0 0 0 0 0 0 0 66 0 14 0 0 0 0 0 0 0 0 14 0 0 0 0 
0 0 0 0 0 0 0 0 0 0 0 0 0 0 0 0 0 0 0 39 0 0 0 0 0 0 0 0 0 0 0 0 54 0 0 0 0 0 0 0 0 0 0 0 0 0 0 40 0 0 0 0 0 0 0 0 0 0 0 40 0 0 0 40 
0 73 0 0 0 0 0 0 0 0 0 4 0 4 0 0 0 0 0 74 0 0 32 0 4 0 0 0 4 74 0 0 0 0 0 0 0 0 4 0 0 0 0 0 0 0 0 0 0 0 0 0 0 0 0 0 4 0 0 0 0 0 0 0 
17 0 0 1 0 0 0 0 0 0 0 0 0 0 0 0 0 0 0 0 0 0 0 0 0 0 32 0 0 0 19 0 0 0 45 0 0 0 45 32 0 17 0 0 0 0 0 1 0 0 0 0 0 0 0 0 0 0 0 0 0 0 0 0 
1 0 0 0 0 0 0 0 0 0 0 0 0 0 0 0 0 0 0 0 0 76 0 0 0 0 0 0 0 0 32 0 0 0 0 0 0 0 1 0 0 0 0 0 0 47 0 0 0 1 0 0 0 0 0 0 0 0 0 0 32 0 0 0 
1 2 3 4 5 6 0 7 0 15 0 0 0 0 0 16 0 17 0 0 0 18 0 19 0 20 0 21 0 29 0 30 0 31 0 33 0 34 0 35 0 2 3 0 0 0 31 0 21 20 0 7 0 0 0 0 0 18 0 30 0 0 0 0 
22 0 22 0 0 0 0 0 0 0 0 0 0 0 0 0 0 0 0 0 0 0 0 0 78 0 0 22 0 0 0 0 32 0 0 0 0 0 0 0 0 0 0 0 0 3 22 0 0 0 0 22 18 0 0 0 0 0 22 0 0 0 0 0 
0 0 0 60 0 0 0 4 0 0 0 0 0 0 0 0 0 0 60 0 0 0 0 0 0 0 0 0 0 0 0 0 32 0 0 0 0 0 0 0 0 0 0 0 60 75 0 0 0 60 0 0 0 0 0 0 0 0 0 0 0 0 0 0 
9 8 0 0 0 0 0 0 9 0 0 0 0 6 0 0 0 0 0 0 0 0 0 0 0 0 0 0 0 0 0 0 32 0 0 0 6 0 0 0 0 0 0 0 0 0 0 0 0 0 0 0 8 0 0 0 0 0 0 0 0 0 0 0 
80 0 0 0 0 0 0 0 0 0 39 0 0 0 0 0 0 0 0 0 0 0 0 0 0 0 0 0 0 0 0 0 0 0 0 0 0 0 0 0 0 0 77 0 0 0 0 0 0 0 0 0 0 0 0 0 0 0 0 0 0 0 0 0 
26 25 0 0 0 0 0 0 0 0 0 0 26 25 0 0 0 0 0 0 25 0 20 39 26 0 0 25 0 0 26 0 0 0 0 0 0 0 25 0 0 0 25 0 0 0 0 0 0 0 0 0 0 0 25 0 26 0 0 0 25 0 0 0 
0 0 0 0 50 0 50 0 50 0 50 50 0 0 0 0 0 0 0 50 50 0 0 50 0 0 0 0 22 0 39 0 0 0 0 0 0 0 0 50 50 50 50 0 0 0 0 0 0 0 0 0 0 0 0 0 77 0 77 0 0 0 0 0 
8 9 10 11 12 13 0 14 0 22 0 23 24 25 0 26 0 0 0 27 0 28 0 0 0 36 0 0 0 0 0 37 0 38 0 40 0 41 0 42 0 0 14 0 25 0 13 0 0 0 0 14 0 0 0 0 0 26 0 0 0 0 0 0 
28 0 0 0 0 0 0 0 0 0 28 0 0 0 0 80 0 0 0 0 0 0 0 0 0 0 0 0 0 0 0 0 39 0 0 0 0 0 0 0 0 0 0 66 0 66 0 0 0 0 0 0 0 0 0 0 0 0 28 0 0 0 0 0 
82 0 0 0 0 0 0 0 0 0 0 0 0 0 0 0 0 0 0 0 0 0 0 0 0 0 0 0 0 0 0 0 39 0 0 0 0 0 0 0 0 0 0 0 0 0 0 0 0 0 0 0 0 0 0 0 0 0 0 0 0 0 0 0 
0 0 0 0 0 0 0 0 0 0 0 0 0 0 0 0 0 0 0 0 0 0 0 0 0 83 0 0 0 0 0 0 39 0 0 0 0 0 0 0 0 0 0 0 0 0 0 0 0 0 0 0 0 0 0 0 0 0 0 0 0 0 0 0 
46 0 0 0 0 0 0 0 0 0 0 0 0 0 0 0 0 0 0 0 0 3 0 0 74 0 0 0 0 0 0 0 0 0 0 0 0 0 0 0 0 0 0 0 0 0 0 0 0 0 0 0 0 0 0 0 0 0 0 0 0 0 0 0 
0 0 0 46 0 0 0 0 0 0 0 0 0 0 0 0 0 0 0 0 0 0 0 0 0 57 0 0 0 0 0 0 75 0 0 0 0 0 0 0 0 0 0 87 0 0 0 0 0 0 0 0 0 0 0 0 0 0 0 0 0 0 0 0 
46 0 0 0 0 0 0 0 0 0 0 0 0 0 0 0 0 0 0 0 0 0 15 0 0 0 0 0 88 0 0 0 0 0 0 0 0 0 0 0 0 0 0 0 0 0 0 89 18 0 0 30 0 0 0 0 0 0 0 0 0 0 0 0 
43 43 0 0 47 44 0 0 47 45 0 48 48 49 49 45 0 0 44 57 0 57 0 0 58 0 58 0 59 59 0 60 60 0 61 61 0 62 62 0 0 63 63 0 71 71 0 72 72 0 73 73 0 74 74 0 75 75 0 76 76 0 77 77 
0 46 0 59 0 59 0 0 0 59 0 0 0 0 0 2 0 0 0 0 59 0 0 0 0 0 0 0 0 0 0 0 6 0 0 6 0 59 59 0 59 0 0 59 0 0 0 0 31 0 0 0 0 0 0 0 59 59 0 0 0 0 0 0 
0 22 0 0 0 0 46 0 0 0 0 0 0 0 0 0 0 0 0 0 0 0 0 17 0 0 0 4 0 22 0 0 0 0 0 0 0 89 0 0 0 0 0 0 0 22 0 0 0 0 0 0 0 0 0 0 0 0 0 0 0 0 0 0 
46 75 0 0 0 0 18 0 0 0 0 0 0 0 0 0 0 0 0 0 0 0 0 90 0 0 0 0 0 75 75 0 0 0 0 75 0 0 0 0 0 0 0 0 0 0 0 0 0 0 0 0 0 0 0 0 0 0 0 0 0 0 0 0 
53 38 0 0 95 0 0 0 0 0 0 38 0 0 38 0 38 0 0 0 0 0 0 0 0 0 0 38 0 0 0 0 0 0 93 0 0 10 0 0 0 0 0 0 0 38 0 0 0 0 0 0 0 0 0 0 0 0 0 0 0 0 0 0 
53 0 0 0 0 0 0 0 0 0 0 0 0 0 0 0 0 0 0 0 0 0 0 64 0 64 0 20 0 0 0 0 0 0 0 0 0 64 0 0 0 64 0 0 0 0 0 0 0 0 64 0 0 0 0 0 64 0 0 0 0 0 0 0 
53 0 0 0 0 0 0 0 0 0 0 0 0 97 97 0 0 0 0 0 0 0 0 0 0 0 0 0 0 0 0 0 0 0 0 0 0 0 0 0 0 0 7 0 0 0 0 0 0 0 0 0 0 0 0 0 0 0 0 0 0 0 0 0 
54 50 0 50 0 51 0 51 0 52 52 0 54 0 55 55 56 0 0 56 0 64 64 65 0 0 0 65 66 66 0 67 67 68 0 68 69 69 0 0 70 70 0 78 78 79 0 0 79 0 0 80 80 81 0 81 0 82 82 0 83 83 0 0 
0 0 0 0 0 0 0 0 0 53 0 0 0 0 0 0 0 0 0 13 0 0 0 0 0 0 0 0 0 0 0 0 0 0 0 0 0 0 0 0 0 25 0 0 24 0 0 0 0 28 0 0 0 0 0 0 0 0 0 0 0 0 0 0 
0 0 0 0 0 0 0 0 0 53 0 0 0 0 0 0 0 0 0 0 0 0 0 0 0 0 0 0 0 0 0 0 0 0 0 0 0 0 0 0 0 0 0 0 0 0 0 24 0 25 81 0 0 0 0 0 0 0 0 0 0 0 0 0 
0 0 0 12 0 0 0 0 0 0 67 53 0 0 0 0 0 0 0 0 0 67 0 0 0 0 0 0 0 0 0 27 0 0 0 0 0 0 0 0 0 0 0 0 11 0 0 0 0 0 0 0 0 0 0 0 0 0 0 0 0 0 0 0 
0 0 0 0 88 0 0 0 0 0 0 0 46 0 0 0 0 0 0 0 0 0 44 0 0 0 0 0 0 0 0 0 0 0 0 0 0 0 0 0 0 0 0 0 0 0 0 0 0 0 0 0 44 0 0 0 0 0 0 0 0 0 0 0 
0 71 71 0 0 0 0 0 0 0 0 71 74 0 0 0 0 71 0 0 46 0 0 0 18 0 0 71 0 0 0 0 0 0 0 0 0 0 0 0 0 0 0 0 0 71 0 0 0 0 0 71 0 0 0 71 0 71 71 0 0 0 0 0 
47 86 0 0 0 0 0 0 0 0 47 0 0 0 0 47 0 0 0 0 0 0 0 46 0 0 0 0 0 0 0 0 0 0 0 0 0 0 0 0 0 0 0 0 0 0 0 0 0 0 0 47 47 0 0 0 0 0 0 0 0 0 0 0 
34 86 0 34 0 34 0 0 0 0 0 0 0 0 0 16 0 0 0 0 0 0 0 0 46 0 0 0 0 0 0 0 16 0 0 0 0 0 0 0 0 0 0 0 0 0 0 0 0 0 0 0 0 0 0 34 0 0 0 0 0 0 0 0 
76 0 0 0 0 0 0 0 0 0 0 46 0 0 0 0 0 0 100 0 87 0 0 0 0 0 0 0 0 0 21 0 0 92 0 0 0 0 0 0 0 0 0 0 87 0 0 0 0 0 0 0 0 0 0 0 0 0 0 0 0 0 0 0 
0 78 0 0 0 0 0 0 0 0 0 0 0 0 107 75 46 0 0 0 0 0 0 0 0 0 0 0 0 0 0 0 0 0 0 0 0 0 0 0 0 0 78 0 0 0 0 0 0 0 75 0 0 0 0 0 0 0 0 0 0 0 0 0 
0 0 0 0 0 0 0 0 0 0 0 0 0 102 0 0 0 0 0 0 0 0 46 0 0 0 0 0 0 0 0 0 0 0 0 0 0 0 0 0 0 0 20 0 0 0 0 0 0 0 0 0 0 0 0 0 0 0 0 0 0 0 0 0 
0 0 0 0 0 0 0 0 0 0 0 0 0 0 53 0 0 0 0 0 0 23 51 0 0 0 0 0 0 0 0 0 0 0 0 0 0 81 0 0 0 0 51 51 0 0 0 0 0 0 0 0 0 0 0 0 0 0 0 0 0 0 0 0 
0 81 0 0 0 0 0 0 0 0 0 0 0 0 0 0 0 0 53 0 0 0 0 0 0 0 0 0 0 0 104 0 0 0 0 81 0 0 0 0 0 0 0 0 0 0 0 0 0 0 109 0 0 0 0 0 0 0 0 0 0 0 0 0 
0 0 0 0 0 0 0 0 0 0 0 0 0 0 0 0 0 0 78 0 53 0 0 0 0 0 0 0 0 0 0 0 0 0 0 0 0 0 0 0 0 0 0 0 40 0 0 0 0 0 0 0 0 0 27 0 78 0 0 0 0 78 78 0 
0 0 0 56 110 0 0 26 0 0 0 0 0 0 0 0 0 0 0 0 0 0 0 0 53 0 0 0 0 0 0 0 0 0 0 0 0 0 0 0 0 0 0 0 0 0 0 0 0 0 0 0 0 0 0 0 56 0 56 0 0 56 0 0 
80 0 0 0 79 0 95 0 80 0 0 0 0 0 0 0 95 0 0 0 0 0 0 0 0 0 53 0 0 0 0 0 0 0 0 0 0 0 0 0 0 0 0 0 0 0 0 0 0 0 0 0 0 0 0 0 0 0 0 0 0 0 0 0 
24 0 0 0 0 0 0 0 0 109 0 0 0 24 0 24 0 0 0 0 0 0 0 0 0 0 0 0 53 0 0 0 0 0 0 0 0 0 0 0 0 0 0 0 0 0 0 0 0 0 0 0 0 0 0 0 0 0 0 0 0 0 0 0 
0 0 0 0 0 0 0 0 0 111 0 0 0 0 0 0 0 0 0 0 0 0 0 0 0 0 0 53 0 0 0 0 0 0 0 0 0 0 0 0 0 0 0 0 0 0 0 0 0 0 0 0 0 0 0 0 0 0 0 0 0 0 0 0 
0 0 58 0 0 0 0 0 0 0 0 114 0 0 0 0 0 0 0 0 0 0 0 0 0 58 0 0 58 58 0 0 58 102 0 0 0 46 0 0 0 0 0 0 0 0 0 0 0 0 0 0 0 0 0 0 0 0 0 0 0 0 0 0 
0 0 0 0 0 0 0 0 0 0 0 0 0 0 0 0 0 0 0 0 0 115 0 0 103 0 0 0 0 0 0 0 0 0 0 0 0 0 46 0 116 0 0 0 0 0 0 0 0 0 0 0 0 0 0 0 0 0 0 0 0 0 0 0 
29 85 86 0 0 0 85 0 90 0 0 0 86 85 0 0 0 0 0 0 85 0 0 0 0 46 86 0 113 0 103 85 0 0 0 0 0 0 0 0 0 0 0 85 0 0 0 86 0 0 0 85 0 0 85 0 0 0 0 0 0 0 0 0 
0 0 0 0 0 0 0 0 0 0 0 0 0 0 0 0 29 0 0 0 0 0 0 58 0 43 0 0 0 58 46 0 0 0 0 0 0 43 0 0 0 0 0 0 0 0 0 0 0 0 0 0 0 0 0 0 0 0 0 0 0 0 0 0 
49 49 0 0 0 0 0 0 0 0 0 0 0 0 0 0 86 0 100 0 0 44 0 44 0 0 0 0 0 0 0 0 0 62 49 46 62 0 0 0 49 0 34 0 49 62 86 0 0 0 0 0 0 0 0 62 0 86 0 0 0 0 0 0 
0 0 0 0 0 61 0 0 0 61 0 0 0 0 0 0 0 0 0 0 0 0 0 0 88 0 0 0 0 0 0 0 31 0 0 0 0 0 115 0 46 0 0 0 0 0 0 0 0 0 0 0 0 0 0 0 0 0 0 88 0 0 0 0 
0 0 0 0 0 0 0 0 88 0 0 0 0 0 0 0 0 0 0 0 0 0 0 0 0 0 0 0 0 0 0 0 0 0 0 0 0 38 0 0 0 0 0 0 0 46 0 0 0 0 0 104 88 0 0 0 0 0 0 0 0 0 0 36 
0 0 0 0 0 0 0 33 0 0 0 0 66 0 0 0 0 0 0 0 0 0 0 0 0 0 0 0 121 0 0 0 0 0 0 0 53 0 0 0 0 0 0 0 0 0 62 0 0 0 0 0 0 0 0 0 66 0 0 0 0 0 0 0 
0 91 0 0 0 0 0 0 0 0 0 0 0 0 0 0 0 0 0 0 0 0 0 0 0 123 0 0 0 0 0 0 0 0 0 68 0 0 53 0 0 0 0 0 0 0 0 0 0 0 0 0 0 0 0 110 0 68 0 0 0 0 0 0 
36 68 0 68 0 0 0 0 0 0 0 0 0 0 0 0 0 0 0 0 0 0 0 0 95 0 107 0 40 0 0 0 95 0 0 0 0 0 0 0 53 0 0 0 0 0 0 0 0 124 0 0 0 0 68 68 0 0 0 0 0 0 0 0 
0 0 0 0 0 65 55 0 0 0 0 0 0 0 0 0 64 0 0 0 64 0 0 0 0 0 0 0 0 0 0 0 0 0 55 0 0 0 0 0 0 0 53 0 0 0 0 0 0 0 0 0 0 0 0 0 0 0 0 0 0 0 0 0 
0 94 0 0 0 0 0 0 0 0 0 0 0 0 0 0 0 0 0 0 0 94 0 0 0 0 0 0 0 0 0 94 0 94 0 94 0 0 41 0 0 0 53 0 0 0 0 0 0 0 94 0 0 0 0 0 94 0 0 0 94 0 0 0 
108 0 108 0 0 0 0 0 0 0 0 42 0 0 0 0 0 0 0 108 0 0 108 0 0 0 0 108 0 0 0 0 0 0 0 0 0 0 0 108 0 0 108 53 0 0 0 0 108 0 108 0 0 0 0 0 0 0 0 0 0 0 0 0 
0 0 0 0 0 0 0 0 0 0 0 0 0 111 0 0 0 0 0 0 0 0 0 0 0 0 0 0 0 0 0 0 0 0 0 0 0 0 0 0 0 0 0 0 0 0 0 0 0 0 0 0 0 0 0 0 0 0 0 0 0 0 0 0 
116 73 73 0 0 0 0 73 0 0 0 0 0 0 0 0 0 0 0 73 0 0 0 0 0 0 0 73 0 0 0 0 0 0 73 0 0 0 0 0 0 0 0 0 0 0 0 0 73 0 0 73 0 0 0 0 0 0 0 0 0 0 0 0 
116 59 0 73 59 60 0 0 0 60 73 0 0 75 0 73 0 0 0 0 0 0 0 0 0 0 0 0 117 73 0 0 0 0 0 0 0 73 0 0 0 0 0 0 0 0 0 75 73 0 0 0 0 0 75 73 0 0 73 0 0 0 0 0 
116 0 0 0 0 0 0 0 0 0 0 0 0 0 0 0 0 0 0 0 0 0 0 0 0 0 0 0 0 0 0 0 0 0 0 0 0 0 0 0 0 0 61 61 0 113 113 0 0 0 61 0 0 44 61 0 0 0 0 0 0 0 0 0 
116 77 0 57 0 0 0 77 0 0 133 45 0 0 0 0 0 0 57 0 0 0 0 0 0 0 0 45 0 0 0 0 0 0 0 0 133 0 0 0 0 76 0 0 0 0 0 0 0 0 0 76 0 0 77 0 0 0 77 0 76 0 76 0 
116 0 0 0 0 0 0 0 0 0 0 0 0 0 0 0 0 0 0 0 0 0 0 0 0 0 0 0 0 0 0 0 0 0 0 0 0 0 0 0 0 45 0 0 0 0 0 0 102 0 115 0 0 0 48 0 0 0 0 0 0 0 0 0 
116 0 0 0 0 0 0 0 0 0 0 0 0 0 0 0 0 0 0 0 0 0 0 0 0 73 73 0 49 0 102 0 0 0 102 0 0 0 0 0 0 0 0 0 0 0 0 0 0 0 0 102 0 0 0 0 0 0 0 0 0 0 0 0 
116 0 0 0 0 106 0 0 0 0 0 0 0 0 0 0 0 0 0 0 0 0 0 0 0 0 79 0 0 0 0 0 0 0 0 0 122 0 0 0 0 0 0 0 0 0 0 0 0 0 0 0 0 0 0 0 0 0 0 0 0 0 0 0 
123 0 0 0 0 0 0 0 0 0 0 0 0 0 0 0 0 0 0 0 0 0 0 0 0 0 0 0 0 0 0 0 0 0 0 0 0 123 0 0 0 61 131 0 0 0 0 0 61 0 0 0 0 0 0 0 0 0 0 0 0 0 0 0 
123 0 0 118 0 0 0 0 0 0 0 0 0 118 0 0 0 0 0 0 0 0 0 0 0 0 0 0 0 0 0 0 0 0 0 0 0 0 0 105 0 0 0 50 0 0 0 0 118 0 0 0 118 0 0 0 0 0 0 0 105 0 0 0 
123 82 0 0 0 0 0 0 0 0 105 0 82 0 0 0 82 0 82 0 0 0 0 0 0 0 0 0 0 0 0 0 0 0 0 0 0 0 0 0 0 0 0 0 82 105 82 0 0 0 0 0 0 0 0 0 82 0 0 105 0 82 0 0 
123 0 0 0 50 0 50 0 0 0 0 0 68 0 0 0 0 0 0 0 0 0 0 0 0 0 0 0 0 0 0 0 0 0 0 0 0 0 0 0 0 0 0 0 0 0 0 0 0 0 0 0 80 68 0 80 0 0 0 0 0 0 0 0 
123 0 0 0 0 0 0 0 0 0 0 0 0 0 0 0 135 0 0 0 0 0 0 0 0 0 0 0 0 0 0 0 0 0 0 0 0 0 0 0 0 0 0 0 0 0 0 0 0 0 0 0 0 0 0 0 0 0 0 0 0 0 0 0 
123 0 52 0 52 0 0 0 0 0 136 0 0 0 0 0 0 0 0 0 0 0 0 0 0 0 0 0 0 0 0 0 0 0 0 0 123 0 126 0 136 52 0 123 0 52 0 0 0 0 0 0 0 0 0 0 0 0 0 0 0 0 0 0 
123 0 0 0 0 0 0 0 0 0 0 0 0 0 0 0 0 0 0 0 0 0 0 0 0 0 0 0 0 0 0 0 0 0 0 0 0 0 0 0 0 123 0 0 0 0 0 0 0 0 0 0 0 0 0 0 0 0 0 0 0 0 0 0 
0 116 0 0 0 0 0 0 0 0 0 0 0 0 0 0 0 0 0 0 0 0 0 0 0 0 0 0 0 0 0 0 0 116 0 0 0 0 0 0 0 0 0 0 0 0 0 0 0 0 116 0 114 0 0 0 0 0 0 0 0 0 0 0 
0 116 0 0 0 0 0 0 0 75 0 0 0 0 75 0 0 0 0 0 0 0 0 0 0 0 0 0 0 0 0 145 0 0 0 0 61 131 0 0 0 145 0 0 0 0 0 0 0 0 0 0 0 0 0 0 0 0 0 0 0 0 0 0 
0 145 0 0 0 0 0 0 0 0 0 116 0 0 0 0 0 0 0 0 0 0 0 0 0 0 0 114 0 0 0 0 0 0 0 0 0 0 0 0 0 0 0 0 145 0 0 0 0 0 0 0 0 116 0 0 0 114 0 0 0 0 0 0 
0 90 0 0 0 0 0 0 0 141 0 0 0 0 116 0 63 0 63 0 0 0 0 0 0 0 71 0 0 0 0 0 0 0 0 0 0 0 0 0 0 0 71 0 0 89 0 0 0 0 0 0 0 0 0 0 0 0 0 90 90 0 0 0 
73 0 0 0 0 0 0 0 0 0 114 0 0 0 0 0 0 0 116 0 0 0 0 0 0 0 0 0 0 0 0 0 0 0 0 0 0 0 0 0 0 0 0 0 0 0 0 0 0 118 0 72 0 0 0 0 0 0 0 0 114 0 0 0 
0 0 0 0 0 0 0 0 0 0 0 0 0 0 0 0 0 0 0 0 0 0 116 0 0 0 0 0 0 0 65 65 0 0 0 0 0 0 0 0 0 0 0 0 0 0 0 77 0 0 0 0 0 0 0 0 0 0 116 0 0 0 0 0 
0 131 0 94 0 0 0 0 0 0 0 0 0 0 0 0 0 0 0 0 0 0 116 0 0 0 94 0 0 0 0 0 0 93 0 0 0 0 0 0 0 0 0 0 0 131 0 0 0 0 0 93 0 0 0 0 94 0 0 0 0 0 0 0 
119 0 0 0 0 0 0 0 123 0 0 0 0 0 0 0 0 0 0 0 0 91 0 0 119 0 0 0 0 0 0 0 0 0 0 0 0 0 0 0 0 0 0 0 119 151 0 0 151 0 0 0 0 0 0 0 0 0 0 119 0 0 0 0 
118 118 0 0 0 0 0 0 123 0 0 0 62 0 0 62 0 80 0 0 80 0 118 0 0 0 0 0 0 0 0 0 0 0 0 0 0 0 0 0 0 0 0 0 0 0 0 0 0 0 0 0 0 0 0 0 0 0 0 0 0 0 0 0 
0 83 0 83 83 0 0 123 0 0 83 83 125 0 0 0 0 83 0 153 83 153 0 153 0 0 0 83 0 0 83 83 135 0 0 0 0 0 0 0 83 0 0 83 153 0 0 83 0 83 0 0 83 83 0 83 0 83 0 0 0 0 0 0 
136 0 0 0 123 0 0 0 0 0 0 0 0 0 0 0 0 0 0 0 0 0 0 0 69 0 69 0 0 0 0 0 0 0 0 0 0 65 0 0 0 0 0 0 0 0 0 0 0 0 0 0 0 0 0 0 0 0 0 0 0 0 0 0 
0 0 0 0 121 0 0 0 121 0 123 0 0 0 0 0 0 0 67 0 139 121 0 0 67 0 0 121 0 149 0 0 0 0 149 0 0 0 79 0 0 0 0 0 0 0 123 0 0 0 0 0 0 0 0 0 0 0 0 0 0 0 0 0 
0 122 0 0 0 0 0 0 0 0 0 0 0 140 0 123 84 0 0 0 0 0 0 0 70 84 0 0 0 0 0 0 0 70 122 0 0 0 0 0 0 0 0 0 0 0 0 0 0 0 0 0 0 0 122 0 0 0 123 0 0 0 0 0 
0 0 0 0 0 0 0 124 0 0 0 0 0 124 0 0 0 0 0 123 0 0 0 0 0 0 0 0 0 0 0 125 0 0 0 0 0 0 0 0 0 0 0 139 0 0 0 0 139 0 0 0 0 0 0 0 124 0 125 0 0 125 0 0 
0 87 0 0 73 0 0 0 0 0 0 0 0 87 0 0 0 0 0 0 0 0 116 0 0 0 0 0 0 0 0 0 0 0 0 0 0 0 0 0 0 0 0 0 0 0 0 0 0 0 0 0 0 0 0 0 0 0 0 0 0 0 0 0 
0 103 101 101 0 0 0 0 0 0 0 0 0 0 0 103 0 0 0 0 0 0 0 0 0 0 116 71 71 0 0 0 0 0 0 0 0 99 0 0 0 0 0 0 0 0 0 0 0 0 0 0 0 159 0 159 0 0 0 0 0 0 0 0 
0 72 0 0 0 0 0 0 0 0 0 0 0 0 0 0 89 0 0 0 0 72 0 0 0 0 0 0 0 0 116 0 0 0 0 0 0 76 0 0 76 0 0 0 0 0 0 160 0 0 0 0 0 0 0 0 0 0 0 0 0 0 0 0 
85 86 87 88 89 90 0 91 0 99 0 0 0 0 0 100 0 101 0 0 0 102 0 103 0 104 0 105 0 113 0 114 0 115 0 117 0 118 0 119 0 99 0 0 0 0 0 0 141 0 141 0 99 0 0 72 0 0 101 72 0 0 0 104 
0 0 0 0 0 0 0 0 0 0 0 0 0 0 0 0 0 0 0 0 0 0 0 86 0 0 0 0 0 0 0 0 116 156 0 0 0 0 0 0 0 0 0 0 134 0 0 0 0 0 0 0 0 156 0 0 0 0 0 0 0 0 0 0 
107 93 0 0 0 0 107 0 144 0 0 0 143 0 0 0 143 144 0 0 129 0 0 93 93 0 0 0 0 0 0 143 116 0 0 0 0 107 0 143 144 0 0 0 0 0 0 0 144 93 0 0 0 103 0 0 129 0 0 0 0 0 0 0 
106 0 0 0 0 0 0 0 0 0 0 0 0 0 0 0 106 0 0 0 0 0 0 0 0 0 0 0 0 0 0 0 116 0 0 0 0 0 0 0 0 0 0 162 0 0 162 0 0 106 0 0 0 0 0 0 106 0 0 0 0 0 0 0 
131 0 0 0 0 0 0 0 0 0 123 0 0 0 0 0 0 0 131 0 0 0 0 0 0 0 0 0 0 0 0 0 0 0 0 0 0 0 0 0 0 0 0 0 0 0 0 0 0 0 0 0 0 131 0 0 0 0 0 0 0 0 0 0 
0 110 0 0 0 78 0 0 0 0 0 0 0 0 0 0 147 0 147 0 0 0 0 123 0 0 0 0 0 0 0 0 164 147 0 0 110 147 0 0 0 0 0 0 0 0 0 0 0 0 0 0 0 110 0 147 0 0 147 110 0 0 0 0 
133 133 0 0 0 0 0 0 0 0 0 0 0 111 111 0 0 0 0 0 0 0 148 0 149 0 0 0 91 0 123 0 133 0 0 0 0 0 0 0 149 0 0 133 0 148 0 0 0 0 0 0 0 0 0 0 0 0 0 0 0 0 0 111 
92 93 94 95 96 97 0 98 0 106 0 107 108 109 0 110 0 0 0 111 0 112 0 0 0 120 0 0 0 0 0 121 0 122 0 124 0 125 0 126 92 0 79 79 0 97 0 0 0 98 0 0 0 0 0 0 0 97 110 0 0 0 111 0 
112 0 0 0 0 0 0 0 0 0 0 0 135 0 0 0 0 135 0 0 0 0 0 0 0 0 0 0 0 0 135 0 123 135 0 0 0 0 0 0 0 0 0 80 0 0 0 0 0 0 0 135 0 0 0 0 0 0 0 0 112 0 112 0 
112 0 0 0 0 0 0 0 0 0 112 0 0 0 0 0 0 108 0 0 0 0 0 0 0 112 0 0 0 0 0 0 123 0 0 0 0 0 0 0 0 0 0 0 0 0 0 0 0 0 0 0 0 0 0 0 0 0 0 0 0 0 0 0 
0 0 167 0 0 0 0 0 0 0 0 0 0 0 0 0 0 0 0 0 0 0 0 0 0 165 165 0 0 0 0 0 123 0 0 0 0 0 0 0 0 0 0 0 0 0 0 0 0 0 0 0 0 97 0 0 0 0 0 0 0 0 0 0 
130 0 0 144 0 0 0 0 0 0 0 0 0 0 0 0 0 0 0 0 0 0 0 0 0 0 0 0 0 0 0 0 0 0 0 0 0 0 0 0 0 0 0 0 0 0 0 0 0 0 0 0 0 0 0 0 0 0 0 0 0 0 0 0 
0 159 0 130 0 0 0 0 0 0 0 0 0 0 0 0 0 0 0 0 0 0 0 0 0 0 0 0 0 0 0 0 0 0 0 0 0 0 0 0 0 0 0 0 0 0 0 0 0 0 0 0 0 0 0 0 0 0 0 0 0 0 0 0 
130 0 0 0 0 0 0 0 0 145 0 0 0 0 0 0 0 0 0 0 0 0 0 0 0 0 118 0 0 0 0 0 142 0 0 0 0 0 142 0 0 0 0 0 0 0 0 0 0 0 0 0 0 0 0 0 0 0 0 0 0 0 0 0 
127 127 0 0 131 128 0 0 131 129 0 132 132 133 133 129 0 0 128 141 0 141 0 0 142 0 142 0 143 143 0 144 144 0 145 145 0 146 146 0 0 147 147 0 155 155 0 156 156 0 157 157 0 158 158 0 159 159 0 160 160 0 161 161 
0 130 120 105 0 156 0 0 0 0 0 0 0 0 0 156 0 147 0 0 0 0 0 0 100 0 0 0 0 0 0 0 92 0 0 0 120 0 0 0 0 0 156 0 0 0 0 0 0 0 0 156 105 0 0 0 0 0 0 0 0 120 0 0 
144 144 0 0 0 0 130 0 0 0 144 144 0 0 0 0 0 0 144 0 0 0 0 0 157 0 144 0 0 0 0 0 0 0 144 0 0 144 149 0 0 0 157 0 0 144 0 0 0 144 0 0 0 0 0 0 0 144 0 144 0 0 0 0 
130 0 122 0 0 0 0 0 0 0 149 0 0 0 0 0 145 0 0 122 0 145 0 0 0 88 0 0 0 0 0 0 145 0 0 0 0 145 0 0 0 0 0 0 0 0 0 0 0 145 0 145 0 0 0 0 0 0 0 0 0 0 0 0 
137 145 0 0 0 0 0 0 0 0 0 0 0 164 0 0 0 164 0 0 0 145 0 0 0 0 0 0 0 117 0 0 0 0 0 0 0 0 0 0 0 0 0 163 0 145 163 0 0 0 0 0 0 0 0 0 0 0 0 0 0 0 0 0 
137 0 0 0 0 0 0 0 0 0 0 0 0 0 0 96 0 0 0 0 0 0 0 0 0 0 0 108 0 0 0 0 0 0 0 0 0 0 0 160 0 160 0 124 0 124 0 0 0 0 0 0 124 0 0 0 0 0 0 0 0 0 0 0 
137 0 0 0 0 0 0 0 0 0 0 0 0 147 0 109 0 0 0 0 0 97 0 0 0 147 0 0 0 0 0 0 0 0 0 0 0 0 0 0 0 0 0 0 147 0 0 0 0 0 0 0 0 0 0 0 0 0 0 0 0 0 0 0 
138 134 0 134 0 135 0 135 0 136 136 0 138 0 139 139 140 0 0 140 0 148 148 149 0 0 0 149 150 150 0 151 151 152 0 152 153 153 0 0 154 154 0 162 162 163 0 0 163 0 0 164 164 165 0 165 0 166 166 0 167 167 0 0 
0 0 0 0 0 0 0 0 0 137 0 0 0 149 0 0 0 0 0 0 0 0 0 0 0 0 0 0 0 0 0 0 0 0 0 0 0 0 0 0 0 0 0 0 0 0 0 0 0 0 0 0 0 0 0 0 0 0 163 0 0 0 0 0 
0 0 0 0 0 0 0 0 0 137 150 110 0 0 150 0 0 0 0 0 0 0 0 0 0 0 0 0 0 0 0 0 0 0 0 0 0 0 0 0 0 0 0 0 0 0 0 112 0 0 0 0 0 0 0 0 0 0 0 0 0 0 0 0 
0 152 0 0 0 0 0 0 0 0 0 137 167 0 0 167 0 0 0 0 0 152 0 0 0 0 0 0 167 0 111 0 0 0 167 0 0 0 0 0 0 0 0 0 0 0 0 0 0 0 0 0 0 0 0 0 0 0 0 0 0 0 0 0 
0 0 0 0 0 0 0 0 0 0 0 0 130 0 0 0 0 0 0 0 0 0 0 0 0 0 0 0 0 0 0 102 0 0 0 0 0 0 0 0 0 0 0 116 0 0 0 0 0 0 0 0 0 0 0 0 0 0 0 0 0 0 0 0 
0 0 0 0 0 0 155 0 0 0 0 0 0 155 0 0 0 0 0 0 130 0 0 0 155 0 0 0 0 0 129 0 0 0 0 155 0 0 0 0 0 0 0 0 0 0 0 0 0 0 0 0 0 0 0 0 0 155 155 0 0 0 0 0 
0 156 0 156 0 118 0 0 0 0 0 0 156 0 0 0 0 0 0 0 0 0 0 130 0 0 0 0 0 0 156 0 0 0 0 0 118 0 156 158 156 0 0 0 0 0 0 0 0 0 0 0 0 0 0 156 0 0 156 0 0 0 0 0 
0 132 0 0 0 118 132 118 0 0 0 132 0 0 0 0 0 0 127 0 0 0 0 127 130 0 0 0 0 132 0 0 0 0 0 0 0 0 0 0 0 0 0 0 0 132 0 0 0 0 0 0 0 0 0 0 0 0 132 0 0 0 0 0 
101 162 158 158 134 0 134 0 0 0 0 130 133 0 0 129 0 0 0 161 0 161 161 0 0 0 0 158 158 0 161 129 0 100 0 134 134 0 133 0 0 0 158 101 161 0 0 158 161 0 134 0 0 0 134 0 0 0 0 133 0 0 0 0 
0 0 0 0 0 0 0 0 0 0 0 0 158 0 0 0 130 0 158 158 0 0 0 0 0 0 0 0 0 0 0 0 0 0 0 0 0 0 0 0 0 158 0 0 0 0 0 0 0 0 0 0 0 158 0 0 0 0 0 0 0 0 0 0 
0 0 0 0 0 0 0 0 0 0 0 0 0 0 136 0 136 0 0 0 121 0 130 0 0 0 0 0 0 0 136 0 136 0 0 0 0 0 131 136 0 0 121 0 136 0 121 0 0 0 0 0 0 0 0 131 0 0 0 0 0 0 0 0 
0 0 0 0 0 0 0 0 0 0 0 0 0 0 137 0 0 0 0 0 0 0 0 0 0 0 0 0 0 0 0 0 0 0 0 0 0 0 0 0 0 0 0 0 0 0 0 0 0 0 0 122 0 0 0 0 0 0 0 0 0 0 0 0 
0 132 133 0 0 0 0 0 133 0 0 0 0 0 132 138 0 0 137 0 0 0 0 0 160 0 0 110 0 0 0 160 0 0 0 0 0 0 0 0 0 0 0 122 0 0 0 0 0 0 0 0 0 0 0 160 0 0 160 0 0 138 0 0 
0 0 0 0 0 0 0 0 0 0 0 0 162 0 0 0 0 0 0 0 137 0 0 0 0 0 0 139 0 162 0 0 0 0 0 0 0 165 0 0 0 0 0 0 0 0 0 0 0 0 0 0 0 0 0 0 0 0 0 0 0 0 0 0 
163 163 0 0 163 0 0 0 162 0 0 162 0 0 162 162 0 0 0 163 162 0 0 0 137 0 0 0 0 0 0 0 0 0 163 0 0 0 0 0 106 0 162 0 0 0 0 0 0 0 0 0 0 0 0 0 0 0 0 0 0 163 0 0 
140 0 0 0 140 0 168 0 0 0 0 0 0 0 140 168 168 0 168 168 0 0 0 0 0 0 137 0 0 0 0 0 0 0 0 140 0 168 0 0 0 0 0 0 0 0 0 0 0 0 0 0 168 168 0 0 0 0 0 0 0 0 0 0 
0 0 108 0 0 0 0 0 0 0 108 0 0 0 0 0 0 0 0 0 0 0 0 108 0 0 0 0 137 0 0 0 0 0 0 0 0 0 0 0 0 0 0 0 0 0 0 0 0 0 0 0 0 0 0 0 0 0 0 0 0 0 0 0 
0 0 0 0 0 0 0 0 0 0 0 0 0 0 0 0 0 0 0 0 0 0 0 0 0 0 0 137 0 0 0 0 0 0 0 0 0 0 0 0 0 0 0 0 0 0 0 0 0 0 0 0 0 0 0 0 0 0 0 0 0 0 0 0 
0 142 0 0 0 0 0 0 0 0 0 0 0 0 0 142 0 0 0 0 0 0 0 0 0 0 0 0 0 0 0 0 0 0 0 0 0 130 0 0 0 0 0 0 0 0 0 142 0 0 0 0 0 0 0 0 0 0 0 0 0 0 0 0 
143 0 143 0 0 0 131 0 0 0 0 0 0 0 0 0 0 0 0 0 143 0 0 0 0 0 0 0 0 0 0 131 0 0 0 0 0 0 130 117 0 0 0 0 0 0 0 143 0 0 117 0 0 0 0 0 0 0 0 0 0 0 0 0 
132 0 0 0 0 0 0 0 0 0 0 0 0 0 0 0 0 0 0 0 0 0 0 0 0 130 0 0 0 0 0 0 0 0 0 0 0 0 0 0 0 0 0 0 0 0 0 0 0 0 0 0 0 0 0 0 0 0 0 0 0 0 0 0 
0 0 0 145 0 146 0 0 0 0 145 0 0 0 0 0 0 0 146 0 0 0 0 146 0 0 0 0 0 146 130 0 0 0 146 143 0 145 146 0 0 0 0 0 143 0 0 0 0 146 0 0 146 0 0 0 0 146 146 0 0 0 0 0 
0 0 0 0 0 0 0 0 0 0 0 0 0 0 0 0 0 0 0 0 0 128 0 0 128 0 0 0 0 0 0 114 0 0 0 130 0 0 0 0 0 0 0 0 0 0 0 0 0 0 0 0 0 0 0 0 0 0 0 0 0 0 0 0 
0 149 0 0 0 0 0 0 0 0 0 0 0 0 0 0 0 0 0 0 0 0 0 0 0 0 0 0 0 0 0 0 0 0 0 0 0 0 0 0 130 115 0 0 0 0 0 0 0 149 0 0 0 135 0 0 0 0 0 0 0 0 0 0 
0 0 0 0 0 0 0 0 0 0 0 0 0 0 0 0 145 0 0 0 0 0 145 0 0 0 0 0 0 0 0 0 0 0 0 0 0 0 0 0 0 0 0 0 0 130 0 0 145 0 0 0 0 0 0 0 0 0 0 0 0 0 0 0 
0 145 0 0 150 0 151 119 145 151 0 150 0 0 0 0 0 0 0 0 0 0 0 0 0 0 0 0 0 0 0 0 0 0 150 0 137 0 150 0 0 0 0 0 0 0 0 0 0 0 0 151 0 0 0 0 0 0 0 0 0 0 0 0 
0 151 0 0 0 0 0 0 0 0 0 0 0 0 0 0 0 0 0 0 138 0 0 151 0 0 0 0 0 0 134 0 0 0 138 0 0 0 137 0 0 0 0 0 0 0 0 0 0 0 0 0 0 0 0 0 0 0 151 0 0 0 0 0 
0 0 0 0 0 0 0 0 0 0 0 0 134 0 0 0 0 0 0 0 0 0 0 0 121 0 0 0 0 0 0 0 0 0 0 0 0 0 0 0 137 0 0 0 0 0 0 0 0 0 0 0 0 0 0 0 0 0 0 0 0 0 0 0 
0 0 0 0 0 0 0 0 0 0 0 0 0 0 150 0 0 126 0 0 0 0 0 0 0 0 0 0 0 0 0 0 0 0 0 0 0 0 0 0 0 0 137 0 0 0 0 0 150 0 0 0 0 0 0 0 0 0 0 0 0 0 0 0 
0 0 0 0 0 0 0 0 0 0 0 0 0 0 0 0 0 0 0 0 0 0 0 0 0 0 0 0 0 0 0 0 0 0 0 0 0 0 0 0 0 0 137 0 0 0 0 0 0 0 0 0 0 0 0 0 0 0 0 0 0 0 0 0 
140 0 0 0 0 0 0 140 0 0 0 126 0 0 0 0 0 0 0 0 0 0 0 0 0 0 0 0 0 0 0 0 0 0 0 0 0 0 0 0 0 0 0 137 0 0 0 0 0 0 0 0 0 0 0 0 0 0 0 0 0 0 0 0 
152 152 0 152 0 0 0 0 0 0 0 0 152 0 0 0 0 0 0 0 0 0 0 0 0 0 0 0 0 0 0 0 0 0 152 0 0 0 0 0 0 0 0 0 0 0 152 0 0 0 0 0 0 152 0 0 0 0 0 0 0 0 0 0 
