32 31 30 0 0 0 0 0 0 0 0 0 0 0 0 0 0 31 0 0 0 0 0 0 0 0 0 0 0 0 0 0 0 31 0 0 31 32 30 0 0 0 0 0 0 0 0 30 0 0 0 31 0 0 30 0 0 0 0 0 0 0 0 0 0 0 0 0 31 0 0 0 0 0 31 0 0 0 0 0 30 0 0 0 0 0 0 0 31 0 0 0 31 32 0 0 0 0 0 0 0 0 0 0 0 0 0 0 31 0 0 0 31 30 0 30 0 30 0 0 0 0 0 0 0 31 0 0 
32 43 0 0 0 18 0 19 0 0 0 43 0 47 0 0 0 0 47 0 0 0 0 0 0 0 0 0 0 0 0 45 32 0 0 0 0 0 0 0 0 43 0 0 0 32 0 0 0 0 0 0 19 0 45 0 43 0 0 0 0 0 0 18 47 0 47 0 0 0 0 43 0 0 0 0 0 0 0 0 0 0 0 0 43 0 19 0 0 0 32 0 0 0 0 0 0 0 0 0 32 18 0 0 0 0 0 0 0 0 0 0 0 0 0 0 0 0 0 19 0 0 0 0 0 0 0 0 
32 43 0 0 0 0 0 0 0 0 0 0 0 0 0 0 0 0 0 0 0 0 0 33 0 0 0 0 0 0 43 0 18 0 0 0 32 0 0 34 0 0 0 0 0 0 0 0 0 0 0 34 0 32 0 0 0 0 0 0 0 0 0 0 0 0 0 0 0 0 0 18 0 0 0 0 33 0 0 0 43 0 0 0 0 0 0 0 0 0 0 0 0 0 32 0 0 0 0 0 0 0 0 0 32 0 0 0 18 0 33 0 0 0 43 0 0 0 0 0 0 0 0 0 0 0 0 0 
32 34 0 0 0 0 0 0 0 0 48 0 0 48 21 0 0 0 0 0 29 0 0 29 0 0 29 0 0 0 0 0 0 0 0 0 0 0 0 0 29 0 0 0 0 0 34 0 0 0 0 21 0 0 0 0 0 29 0 0 32 0 0 48 0 0 0 0 0 21 0 0 29 0 48 0 0 0 0 29 0 0 29 0 0 29 0 0 34 0 0 0 0 0 0 0 0 0 0 0 0 0 0 0 0 0 0 0 32 0 48 0 48 0 0 0 21 0 0 0 0 0 0 0 0 0 0 0 
21 32 0 0 0 0 0 0 0 0 0 0 0 0 0 0 0 0 0 0 0 0 0 0 0 0 0 0 0 0 0 0 0 0 0 21 0 0 0 0 45 0 0 0 0 0 0 0 0 0 0 0 46 0 0 0 0 21 0 0 32 0 0 0 0 0 0 0 0 0 0 0 0 0 0 0 0 0 0 0 0 0 0 0 0 0 0 0 0 45 0 0 0 0 21 0 0 0 0 0 0 0 0 0 0 0 0 0 0 0 21 32 0 0 0 0 46 0 0 0 0 0 0 0 0 0 0 0 
19 32 0 0 0 0 0 35 0 0 0 0 0 0 0 0 0 0 0 0 0 47 0 35 0 0 0 0 0 0 0 0 0 0 19 0 0 0 0 19 0 0 35 47 0 0 0 35 0 0 0 0 0 0 0 0 0 0 0 0 32 0 0 0 0 0 47 0 0 0 0 0 0 0 0 0 0 0 0 0 0 0 0 0 0 0 35 0 0 0 0 47 0 0 0 0 0 0 0 35 0 0 0 0 19 0 0 0 0 35 0 0 0 0 0 0 0 0 0 0 0 0 0 35 19 0 0 0 
0 20 32 0 0 0 0 52 0 0 0 20 0 0 0 0 0 0 0 0 0 0 0 0 0 0 0 0 0 18 0 0 0 0 0 0 0 0 0 0 0 0 0 0 0 20 0 0 0 0 0 0 0 0 0 52 0 0 0 0 32 0 0 0 0 0 0 0 20 0 0 0 0 20 0 0 0 0 0 0 18 0 0 0 0 0 0 0 0 0 0 0 0 52 0 0 0 0 0 0 0 0 0 0 0 0 0 0 0 0 0 0 0 0 0 0 18 0 0 0 0 0 0 0 0 0 0 0 
39 25 0 0 0 0 21 0 0 0 0 35 0 0 24 0 0 0 0 0 0 0 0 0 0 0 0 25 19 21 0 24 0 0 0 0 0 0 35 0 35 0 39 0 0 0 0 25 0 0 0 24 0 0 0 0 0 0 19 0 0 0 0 0 0 0 0 0 0 21 21 0 0 0 0 0 0 0 0 0 0 0 0 25 0 0 0 0 0 39 0 0 0 24 0 0 0 19 0 0 0 0 24 0 0 25 0 0 0 0 0 35 0 0 0 0 0 0 0 0 0 19 0 0 0 0 0 0 
39 20 0 0 0 0 0 0 0 0 0 0 0 35 0 0 0 26 0 0 0 0 20 0 0 0 0 0 0 0 0 26 0 0 0 0 0 0 0 0 0 0 0 0 0 39 0 0 0 0 0 0 0 0 0 35 0 0 20 0 0 0 0 0 0 0 0 0 0 0 0 0 0 0 0 0 0 0 0 0 35 0 0 0 0 0 0 26 0 0 0 0 0 0 0 0 0 0 0 20 39 26 0 0 0 0 0 0 0 0 0 0 0 0 35 0 0 0 0 0 0 0 0 0 0 0 0 0 
39 21 0 0 0 0 0 0 0 0 0 0 0 0 50 0 0 0 0 0 0 0 49 0 0 0 0 0 0 0 0 0 21 0 0 0 0 0 0 0 0 0 0 0 0 0 0 0 0 0 39 0 50 0 0 0 0 0 0 0 0 49 0 0 21 0 0 50 0 0 0 0 0 0 0 0 0 0 0 0 0 0 0 0 21 0 0 0 0 0 0 0 0 0 0 0 0 0 0 0 49 0 0 0 0 0 39 0 0 0 0 0 0 0 50 0 0 0 0 0 0 0 0 0 0 0 0 0 
39 27 0 0 0 0 0 0 0 0 56 0 0 0 0 0 0 27 0 0 0 0 0 0 27 0 0 0 0 41 0 0 0 0 0 0 0 0 0 0 0 0 0 0 0 56 0 0 0 0 0 0 0 0 0 39 0 0 0 41 0 0 0 0 41 0 0 0 0 0 0 0 0 0 0 0 0 0 0 0 0 0 0 56 27 0 0 0 0 0 0 0 0 0 0 0 0 0 0 0 0 0 0 0 0 0 0 0 0 0 39 0 0 56 0 27 27 0 0 0 0 0 0 0 0 0 0 0 
0 39 0 0 56 56 0 0 0 23 0 0 0 0 0 0 51 0 0 0 23 0 0 0 23 0 0 0 0 0 0 0 0 0 0 0 0 0 0 56 56 0 0 56 56 0 0 0 0 0 0 51 39 0 0 23 0 0 0 0 0 0 0 0 23 56 0 0 56 23 0 0 23 0 0 0 0 0 56 0 0 0 56 0 0 0 0 0 0 0 0 56 56 0 0 0 23 51 0 0 0 0 0 0 0 0 0 0 0 0 0 39 0 56 56 0 0 0 0 0 0 0 0 0 0 0 0 0 
54 39 0 0 0 0 0 0 0 0 0 24 0 0 0 0 0 0 0 0 54 0 0 0 0 0 0 0 0 0 0 0 0 0 0 0 0 0 0 0 0 0 0 0 0 0 0 0 0 0 0 0 53 0 39 0 54 0 0 0 0 24 0 0 0 0 0 0 0 0 0 0 24 0 0 0 0 0 0 0 0 0 0 0 0 0 0 0 0 0 0 0 54 0 0 0 0 0 0 0 0 0 0 0 0 0 0 0 0 0 39 0 0 0 0 0 0 0 24 0 0 0 0 0 0 0 0 0 
27 27 39 0 0 25 0 0 0 0 0 0 0 0 0 0 0 0 0 0 0 0 0 0 0 27 0 0 0 0 0 39 54 0 0 25 0 0 0 0 0 0 27 0 0 0 0 0 0 0 0 0 0 0 0 39 27 25 0 0 27 0 27 0 0 0 0 0 0 0 0 0 0 27 27 0 0 0 0 0 0 0 0 0 0 0 39 27 0 0 0 0 0 25 0 0 0 0 0 0 0 0 0 0 54 0 0 0 0 0 27 0 0 0 0 0 0 0 0 27 27 0 0 0 0 0 0 0 
45 58 0 0 0 0 32 0 0 0 0 0 0 0 0 0 0 0 0 0 0 0 0 0 0 0 0 0 0 0 0 0 0 0 0 0 0 58 0 0 0 0 0 45 0 0 45 0 0 0 0 0 0 0 0 0 0 0 0 0 0 0 0 0 32 0 0 0 0 0 0 0 0 0 0 0 0 0 0 0 0 0 0 45 58 0 0 0 0 0 0 0 0 0 0 0 0 0 0 0 0 0 45 0 0 0 0 0 0 0 0 32 0 0 0 0 0 0 0 0 0 0 0 0 0 0 0 0 
0 0 0 0 0 0 0 0 0 0 32 60 0 0 0 0 0 0 0 0 0 0 0 0 0 0 60 0 0 0 0 0 0 0 0 0 0 0 0 0 0 0 0 0 0 0 0 0 0 0 0 0 0 0 0 0 0 0 60 46 0 0 0 0 0 0 0 0 32 0 0 0 0 60 0 0 0 0 0 0 0 0 0 0 0 0 0 0 0 0 0 0 0 0 0 0 0 0 0 0 0 0 0 0 0 0 0 0 0 0 0 0 0 0 32 0 0 0 0 0 0 0 0 0 0 0 0 0 
0 0 0 0 0 30 0 0 0 0 0 0 0 0 32 48 0 0 0 0 0 0 0 0 0 0 0 0 30 0 0 0 0 0 0 0 0 0 0 0 0 0 0 0 0 0 0 0 47 0 0 48 0 0 0 0 0 0 0 0 0 0 0 0 0 0 0 0 0 0 0 0 32 0 0 0 0 30 0 0 0 0 0 0 0 0 0 0 0 0 0 0 47 0 0 0 0 0 0 0 0 0 0 0 0 0 0 0 0 48 0 0 0 0 0 0 0 0 0 0 32 0 30 0 0 0 0 0 
0 0 0 0 0 0 0 0 0 0 0 0 0 2 0 0 0 0 32 0 0 0 0 0 0 58 0 3 45 49 49 0 0 0 57 57 0 0 0 7 0 0 0 7 33 0 63 0 0 63 0 0 0 0 0 0 0 0 0 0 58 0 0 0 0 0 0 0 0 0 0 2 0 0 0 0 32 45 0 0 0 0 0 0 0 49 3 49 0 0 0 57 57 63 0 0 0 33 0 58 0 0 0 0 0 63 0 0 0 2 0 0 0 7 0 0 0 45 0 0 0 3 0 0 0 0 0 0 
0 0 6 0 0 0 0 6 2 0 0 0 0 0 0 0 0 30 32 0 0 0 0 0 0 0 0 0 0 0 58 0 0 8 0 0 0 6 0 0 60 0 8 0 0 2 0 0 0 60 0 0 0 0 6 0 0 0 0 0 0 2 0 30 6 0 0 0 0 0 0 0 0 0 0 0 32 0 0 0 0 58 0 0 8 0 0 0 0 0 0 0 0 0 0 0 0 0 0 0 0 0 0 0 0 0 0 0 0 8 60 0 60 0 30 0 0 2 0 0 0 0 0 0 0 0 0 0 
51 7 35 0 0 0 9 0 7 0 0 63 37 0 0 0 0 0 32 0 0 0 0 0 0 0 0 0 0 0 0 0 0 9 0 0 0 0 0 0 50 50 0 0 0 0 51 0 45 0 0 0 0 0 37 0 0 0 0 0 0 7 0 63 0 0 0 9 35 0 0 0 0 0 7 0 32 0 0 0 0 0 50 50 0 0 0 0 7 0 0 0 37 0 0 51 0 0 0 45 0 9 0 0 0 0 0 0 35 0 0 0 0 0 0 0 0 0 0 0 0 37 35 0 0 0 0 0 
8 10 5 0 0 0 0 0 0 0 0 0 0 0 0 0 4 8 32 0 61 0 0 5 0 0 10 0 8 0 0 10 51 0 0 0 0 0 0 0 0 0 0 0 0 0 0 0 0 0 4 0 0 0 0 0 0 0 0 0 0 5 0 0 61 0 51 0 0 0 0 0 0 0 0 10 32 0 0 0 5 0 0 0 0 0 0 8 0 4 0 0 0 0 0 0 0 0 0 0 0 0 0 0 0 51 0 4 0 0 0 0 0 0 0 0 0 5 0 0 0 0 0 0 0 0 0 0 
0 33 0 0 0 0 39 0 0 38 0 0 0 0 0 0 0 0 0 0 0 0 63 0 0 0 48 48 0 0 0 0 62 0 0 0 0 38 0 0 0 0 0 0 0 0 0 0 0 0 0 33 0 0 0 0 0 0 0 0 0 63 39 0 0 0 48 0 0 0 0 0 0 0 48 0 0 0 0 0 0 62 0 0 0 0 0 0 63 38 0 0 0 0 0 0 0 0 0 0 33 0 0 0 0 0 0 0 0 0 0 38 0 0 39 0 0 0 0 62 0 0 0 0 0 0 0 0 
0 38 0 0 0 0 12 0 0 64 39 0 0 0 0 0 0 0 0 0 0 0 64 0 0 12 12 0 0 0 0 0 0 0 0 0 0 0 0 0 12 0 64 0 0 0 0 0 0 0 67 0 0 0 12 0 0 0 64 0 0 0 38 0 0 0 39 0 0 0 0 0 0 0 0 0 12 0 0 0 0 12 0 64 0 0 0 12 0 0 0 0 0 0 0 0 38 0 0 0 64 0 0 0 0 0 0 0 0 0 0 0 38 0 0 0 0 0 39 0 0 0 0 38 38 0 0 0 
0 8 0 0 69 0 0 0 0 0 0 0 0 0 39 54 0 54 0 0 0 0 0 0 13 0 0 55 0 0 0 0 0 0 0 0 0 0 0 0 13 0 8 0 0 0 0 0 0 0 0 0 0 0 0 0 0 0 68 67 68 0 67 0 0 0 0 69 0 0 39 0 8 13 0 0 0 0 0 0 0 0 0 0 0 0 0 0 54 0 54 0 8 0 55 0 0 0 0 0 0 0 0 13 0 0 0 0 0 0 0 0 0 0 0 0 0 0 0 8 0 0 0 0 0 0 0 0 
8 0 0 0 0 0 0 0 0 0 0 14 0 0 0 54 0 0 39 0 0 55 0 0 0 0 0 55 0 0 0 37 0 0 0 0 0 8 14 0 0 0 0 0 0 0 0 37 0 0 0 0 66 8 0 0 0 0 0 0 0 0 0 0 0 0 0 0 0 0 0 54 0 14 39 0 0 55 0 0 0 37 0 0 0 0 8 0 55 0 0 0 0 0 0 0 0 0 0 0 0 0 0 0 0 14 0 0 0 0 0 0 0 0 0 0 0 0 8 0 0 39 0 0 0 0 0 0 
67 0 0 0 0 0 0 0 0 0 0 0 0 0 0 0 0 0 39 0 0 0 0 0 0 0 0 0 0 0 9 0 37 0 0 0 0 0 55 0 0 0 9 0 0 0 0 0 0 0 0 0 0 0 0 0 0 0 0 0 0 0 0 0 0 0 55 0 0 9 0 0 0 0 39 67 0 0 0 0 0 0 0 0 0 0 0 0 0 0 0 0 0 37 0 0 0 0 0 0 0 0 37 55 0 9 0 0 0 0 0 0 0 0 0 0 0 0 0 0 0 0 0 0 0 0 0 0 
56 0 14 11 0 0 0 0 0 0 14 0 14 11 0 0 0 0 39 66 0 0 0 0 56 0 0 0 0 0 0 0 0 0 0 0 0 11 0 0 0 0 66 0 66 0 0 0 14 14 0 0 0 0 14 0 0 14 0 0 0 0 56 0 0 0 0 14 0 0 0 0 0 0 39 0 0 0 0 0 0 0 0 0 11 66 0 0 14 0 0 0 0 14 11 0 11 0 14 14 0 14 0 0 66 0 0 0 0 0 66 0 0 0 0 0 56 0 0 0 0 0 0 0 0 0 0 0 
68 54 0 0 0 0 40 0 0 0 0 0 0 0 0 0 0 0 39 0 0 0 0 0 69 0 0 0 0 68 0 0 0 0 0 0 0 0 0 0 0 0 0 0 0 0 0 0 40 0 0 0 0 0 0 0 0 0 0 0 0 40 0 0 0 0 0 40 0 0 69 0 54 0 39 0 0 0 0 0 40 0 0 0 0 0 0 0 0 0 0 0 0 0 0 0 0 0 0 0 0 0 69 0 0 0 0 0 0 0 0 0 0 0 0 0 40 0 0 0 0 0 0 0 0 0 0 0 
73 0 0 0 0 0 0 0 4 0 0 4 0 58 74 0 74 0 0 0 0 0 32 0 0 58 0 4 0 0 0 0 0 0 0 0 0 73 0 0 0 0 0 0 0 0 0 0 0 4 0 0 58 0 58 0 0 0 0 0 0 4 0 0 0 0 0 0 0 74 4 0 0 0 74 0 0 0 0 0 32 0 0 4 73 0 0 0 0 0 0 58 0 0 0 0 0 4 0 0 0 0 0 0 4 0 0 0 0 58 0 0 0 0 0 0 0 0 0 0 0 0 0 0 0 0 0 0 
1 0 0 0 0 0 0 0 0 0 0 0 0 0 0 0 0 0 0 0 19 0 17 0 0 0 32 0 0 0 0 0 0 0 0 0 45 45 0 0 0 0 0 1 0 0 1 0 0 75 0 17 17 0 0 0 46 0 0 0 0 19 45 0 45 0 0 0 0 0 0 0 0 0 0 0 0 0 0 0 0 0 0 19 32 0 0 0 0 0 0 0 1 0 0 0 1 0 0 0 17 45 75 0 1 0 0 0 45 0 0 0 0 0 0 0 0 1 0 0 1 0 0 0 0 0 0 0 
1 0 0 0 0 0 0 0 0 0 0 76 0 0 0 0 1 0 0 0 1 0 0 0 0 0 0 0 0 0 32 0 0 0 0 0 1 0 0 0 0 0 47 0 0 0 0 0 0 0 0 0 0 0 0 0 0 0 0 0 0 76 0 0 0 0 0 1 1 0 0 0 0 1 0 0 0 0 0 0 0 0 0 0 0 0 0 0 32 0 0 0 0 0 0 1 0 0 0 0 0 0 47 0 0 0 1 0 0 0 0 0 1 0 1 0 0 0 0 0 0 0 0 0 1 0 0 0 
1 2 3 4 0 5 0 0 0 0 0 6 0 7 0 15 0 16 0 17 0 18 0 19 0 20 0 21 0 29 0 30 0 31 0 33 0 34 0 35 0 2 0 3 0 0 0 0 0 0 1 2 0 0 0 3 0 4 0 0 0 47 47 0 0 0 0 5 0 6 0 7 0 15 0 16 0 17 0 18 0 19 0 20 0 21 0 29 0 30 0 31 0 33 0 34 0 35 0 2 0 3 0 0 0 0 1 0 0 2 0 3 0 47 47 0 4 0 5 0 0 16 0 15 0 17 0 0 
78 62 0 22 0 0 0 0 0 0 0 0 62 0 0 0 0 0 0 0 0 3 0 0 63 0 0 0 0 0 0 0 32 0 0 22 0 0 0 0 0 0 0 0 18 0 0 0 0 0 0 0 0 0 0 49 49 0 0 0 78 0 0 0 0 0 0 0 62 0 0 0 0 0 0 0 0 3 0 62 0 3 0 0 0 0 0 0 0 0 32 18 0 0 0 0 0 0 0 0 0 0 63 49 0 49 0 22 0 0 78 0 0 0 0 0 0 0 0 0 0 0 0 0 0 0 0 0 
60 4 0 0 0 0 0 0 0 0 0 0 0 0 0 0 75 0 0 0 0 0 0 0 0 0 0 0 0 0 0 0 32 0 0 0 3 0 0 0 4 0 0 0 0 0 0 0 0 0 0 0 0 0 0 0 0 0 0 0 0 0 0 0 0 60 0 0 0 3 0 0 0 0 0 0 0 0 75 0 0 0 0 0 0 0 0 0 0 0 32 0 0 0 4 0 0 0 0 0 0 0 0 0 0 0 0 0 0 0 0 0 0 0 0 0 0 0 0 0 0 0 0 0 0 0 0 0 
0 0 6 0 0 0 0 0 0 0 0 8 51 0 51 9 0 0 0 0 0 0 0 6 0 20 0 0 0 0 0 0 32 0 0 0 0 8 0 0 0 0 6 9 0 0 0 0 0 8 0 51 51 0 0 0 0 0 0 0 0 0 0 0 0 6 0 0 0 20 0 0 0 0 0 0 0 0 0 6 9 0 0 0 0 0 0 0 0 0 32 0 0 0 6 0 6 0 0 20 51 0 0 0 6 0 0 0 51 0 0 0 0 0 0 0 0 0 8 0 20 0 0 0 9 0 0 0 
0 80 0 0 0 0 0 77 0 0 0 0 0 0 0 0 0 0 0 0 0 0 39 0 0 49 0 0 0 0 0 0 0 0 0 0 0 0 0 0 0 0 0 0 0 0 0 0 0 80 0 0 0 0 0 0 0 0 0 0 0 0 0 0 0 0 0 77 0 0 0 49 0 0 0 0 0 0 39 0 0 0 0 0 0 0 0 0 0 0 0 0 0 77 0 0 0 80 0 0 0 0 0 49 0 0 0 0 0 0 0 0 0 0 0 0 0 0 0 0 0 0 0 0 0 0 0 0 
0 0 0 0 0 0 20 0 0 0 0 0 0 0 0 0 0 0 0 0 0 0 0 0 0 0 39 25 0 0 0 0 0 0 67 0 0 0 0 26 0 81 0 25 0 0 0 0 0 0 20 0 0 0 0 0 0 0 0 0 0 0 0 0 0 0 0 0 0 0 0 0 0 0 0 0 0 0 0 0 0 67 39 0 0 0 0 0 0 0 0 0 26 0 20 0 25 0 0 0 0 0 0 0 0 0 20 0 0 0 0 0 0 0 81 0 0 0 26 0 0 0 0 0 0 0 0 0 
0 0 0 0 0 0 0 0 22 0 23 0 22 0 0 0 23 0 0 0 0 0 0 22 0 0 0 50 0 0 39 0 0 0 50 0 0 0 0 0 0 0 81 0 77 0 77 0 0 0 0 0 0 0 0 79 0 0 0 0 0 23 79 22 23 0 0 0 50 0 0 0 0 0 23 0 0 0 0 0 0 50 0 0 0 23 39 0 0 0 77 0 0 0 81 0 0 77 0 0 0 0 0 0 0 0 0 0 0 0 0 79 0 0 0 79 0 0 0 50 50 0 0 0 39 0 0 0 
8 9 10 11 0 12 0 0 0 0 0 13 0 14 0 22 0 23 0 24 0 25 0 26 0 27 0 28 0 36 0 37 0 38 0 40 0 41 0 42 0 0 0 80 14 0 80 8 83 83 13 0 0 0 9 0 0 10 0 0 0 11 0 0 12 0 0 0 0 14 0 22 0 23 0 24 0 25 0 26 0 27 0 28 0 36 0 37 0 38 0 40 0 41 0 42 0 14 0 0 8 0 0 0 0 80 80 83 0 0 83 9 0 10 0 11 12 0 0 13 22 23 0 0 0 25 0 38 
0 28 0 80 0 0 0 0 0 0 28 0 0 0 0 0 0 0 0 0 0 0 0 0 0 0 0 0 0 0 66 0 39 66 0 0 0 0 0 0 0 0 0 79 0 0 0 0 28 0 0 0 0 0 0 0 0 0 0 0 0 0 0 0 0 0 0 0 0 0 0 0 0 0 0 0 0 0 0 0 0 0 80 0 0 0 0 0 39 0 0 0 0 0 0 0 0 0 0 0 66 66 79 0 0 0 0 0 28 0 0 0 0 0 0 0 28 0 0 0 0 0 0 0 0 28 0 0 
0 82 0 0 0 0 0 0 0 0 0 0 0 84 0 0 0 0 0 11 0 0 0 70 0 70 11 0 0 0 0 0 39 0 0 0 0 0 0 0 0 0 0 0 0 0 0 0 0 0 0 80 0 0 0 0 0 84 0 70 0 11 0 0 0 0 82 0 70 0 0 0 0 0 0 0 0 0 0 0 0 0 0 0 0 0 0 0 39 84 0 0 70 0 0 0 0 0 0 0 0 0 0 70 0 0 0 0 0 0 0 0 0 0 0 0 0 0 0 82 0 0 0 0 0 0 0 0 
0 83 0 0 0 0 0 0 0 0 0 0 0 0 0 0 83 0 0 0 0 0 0 68 0 0 0 0 0 83 0 0 39 0 0 0 0 0 0 83 0 0 0 0 0 0 0 0 0 0 0 0 0 0 68 0 0 0 0 0 0 0 0 0 0 0 0 0 0 0 0 0 0 0 0 0 0 0 83 0 0 0 0 0 0 0 0 0 39 0 0 0 0 0 0 0 83 0 0 0 0 0 0 0 0 0 68 0 0 0 0 0 0 0 83 0 0 0 0 0 0 0 0 0 0 0 0 0 
46 74 0 3 0 0 0 0 0 0 0 0 0 0 0 0 0 2 0 0 59 0 0 0 0 0 0 0 58 2 0 0 58 0 0 3 0 0 0 0 0 0 0 59 0 0 0 0 0 0 0 0 74 0 0 0 0 0 0 0 0 0 0 0 0 0 0 46 0 0 0 0 0 0 0 0 3 0 0 0 0 0 58 58 0 0 0 0 0 0 0 74 0 0 2 0 0 0 0 0 0 0 0 0 0 3 0 0 0 0 0 0 0 0 0 0 0 0 0 0 0 58 58 0 0 0 0 0 
75 0 0 46 0 0 0 0 0 0 0 0 0 0 0 0 0 0 0 0 0 87 0 0 0 0 0 0 0 0 0 0 0 0 57 61 0 0 0 0 0 0 0 0 0 0 0 0 0 0 0 0 0 57 0 0 0 0 75 0 0 0 0 0 0 0 0 0 0 0 0 0 0 46 0 0 0 0 0 0 0 87 0 0 0 0 0 0 61 0 0 0 57 0 0 0 0 0 0 0 0 0 0 0 0 0 0 0 0 87 0 0 0 0 0 0 0 0 0 0 0 0 0 0 0 0 0 0 
46 88 0 0 0 0 0 0 0 15 0 0 0 0 0 0 15 0 0 0 0 0 0 0 0 0 89 0 0 0 30 0 0 0 0 0 18 0 2 0 0 0 0 0 5 0 0 57 0 0 0 0 20 15 0 0 0 0 0 30 0 0 0 0 0 0 0 88 0 15 0 0 0 0 0 0 0 0 0 46 0 0 0 0 2 0 89 0 0 0 0 0 5 0 0 0 18 0 0 0 0 0 57 20 15 0 0 30 0 0 0 0 0 18 88 0 0 0 0 0 0 0 0 0 0 0 0 0 
43 43 0 0 44 44 0 0 45 45 47 47 0 48 48 49 0 49 0 57 57 0 58 58 0 59 59 0 60 60 0 61 61 0 62 62 0 63 63 0 71 71 0 72 72 0 73 73 0 74 74 0 75 75 0 76 76 0 77 77 0 5 0 30 0 63 63 0 16 0 73 73 43 0 0 43 44 0 44 45 45 0 0 47 47 0 48 48 49 0 49 0 57 57 0 58 58 0 59 59 0 60 60 0 61 61 0 62 62 0 63 63 0 71 71 0 72 72 0 73 73 0 74 74 0 5 0 0 
0 46 0 0 0 0 0 0 2 0 0 74 0 0 0 0 0 0 6 0 0 0 6 87 0 0 0 0 0 0 0 0 76 0 0 0 0 0 0 0 0 31 0 0 0 17 0 0 0 59 59 0 0 0 0 0 0 0 0 32 0 0 74 0 0 0 0 0 0 76 0 0 87 2 0 6 0 0 0 0 46 0 0 0 6 0 0 0 0 0 0 0 0 87 17 0 0 0 31 0 0 59 0 0 0 59 0 0 0 0 0 32 0 0 0 0 0 0 0 0 0 76 76 74 74 0 0 0 
0 64 0 0 0 0 0 17 46 4 0 0 0 75 75 0 0 0 0 0 0 0 0 0 0 0 22 0 0 0 0 0 0 0 0 0 0 0 0 0 0 0 0 0 0 0 0 0 0 0 89 0 0 17 0 0 64 0 0 0 0 0 0 0 22 0 4 0 0 0 0 0 0 0 0 75 75 0 0 0 0 46 0 0 0 0 0 0 0 0 0 0 0 0 0 0 0 0 0 0 0 4 0 0 0 0 0 89 0 0 0 0 0 0 0 0 75 17 0 0 0 75 0 0 0 0 0 0 
0 75 0 0 0 0 0 90 0 0 46 0 0 0 0 60 0 0 0 0 0 0 0 0 0 10 0 0 0 0 0 18 0 0 0 0 36 0 0 0 0 0 0 0 0 0 75 33 0 75 0 36 60 36 0 90 0 0 0 0 0 0 0 0 0 0 75 0 0 0 0 0 0 0 10 0 0 0 0 0 18 0 0 46 0 0 0 0 0 0 0 0 0 75 0 0 0 0 33 0 60 75 75 0 0 0 0 0 0 0 90 0 0 60 10 0 0 0 90 0 0 0 0 0 0 0 0 0 
53 0 0 0 95 0 0 0 0 0 93 0 0 0 0 0 0 10 0 38 0 0 0 0 0 0 0 0 0 0 0 0 0 0 0 0 20 0 0 0 0 0 95 0 0 0 0 0 0 0 0 0 0 0 0 0 0 0 0 93 10 0 0 0 0 0 0 0 0 0 53 20 0 93 0 0 0 0 0 0 0 0 38 0 0 0 0 0 0 0 0 0 0 0 0 0 0 10 0 0 0 0 0 0 0 0 0 0 0 0 0 0 0 10 0 0 0 0 0 0 38 0 0 0 0 0 0 0 
20 0 0 53 0 0 0 0 0 0 0 64 35 0 0 12 0 0 0 95 0 0 0 0 0 0 0 0 0 0 21 0 0 0 0 0 0 64 95 0 0 66 0 0 0 0 0 0 0 0 20 0 21 0 0 35 0 0 0 0 0 0 0 0 0 0 0 0 0 82 82 12 0 0 0 53 0 0 0 0 0 0 0 64 0 0 64 0 0 0 0 35 0 0 0 0 20 0 66 0 0 0 0 0 0 0 0 12 0 0 0 0 64 0 0 0 0 21 64 0 0 0 0 0 0 0 0 0 
53 0 0 0 0 0 0 0 0 0 0 0 7 97 0 0 0 81 0 0 0 0 0 0 0 0 0 0 0 0 0 0 65 0 0 0 0 0 0 0 65 0 0 0 0 0 0 0 0 0 0 81 0 0 0 81 0 0 0 0 0 0 0 0 0 81 0 0 0 0 0 0 0 97 0 7 0 0 0 0 0 53 0 0 0 0 0 0 65 0 65 0 0 81 0 0 0 0 0 0 0 0 0 0 0 0 0 0 7 0 0 0 0 0 0 0 81 81 0 0 0 0 0 0 0 0 0 0 
50 50 0 0 51 51 0 0 52 52 54 54 0 55 55 56 0 56 0 64 64 0 65 65 0 66 66 0 67 67 0 68 68 0 69 69 0 70 70 0 78 78 0 79 79 0 80 80 0 81 81 0 82 82 0 83 83 0 84 84 79 79 0 13 0 0 0 0 0 96 0 0 0 0 0 0 0 50 50 0 51 51 52 0 52 0 54 54 0 55 55 56 0 56 0 64 64 0 65 65 0 66 66 0 67 67 0 68 68 0 69 69 0 70 70 0 78 78 0 79 0 79 81 81 0 82 82 0 
13 53 13 28 0 0 0 98 0 0 0 0 0 0 0 0 0 0 0 0 25 0 24 0 0 0 0 0 0 0 0 0 0 0 0 0 0 0 0 0 0 14 0 0 0 0 67 0 83 65 67 0 0 0 0 0 70 0 0 0 0 0 0 0 0 0 0 70 0 81 81 0 0 0 13 0 0 0 25 0 0 28 0 53 0 0 0 24 0 0 0 0 0 0 0 0 0 0 0 98 0 13 14 0 67 0 0 0 65 0 0 67 0 0 0 0 0 83 0 0 0 0 0 0 70 70 0 0 
84 0 0 0 0 0 0 0 53 0 0 98 0 0 0 0 0 0 0 0 0 0 25 0 0 0 0 0 24 0 0 81 0 0 26 0 0 0 0 0 0 0 0 0 0 0 0 0 0 84 0 0 0 26 0 0 81 0 0 0 0 0 0 0 0 0 0 0 0 0 0 98 0 0 0 25 0 0 0 24 0 84 84 0 53 0 81 0 0 98 0 0 0 0 0 0 0 0 26 0 0 0 0 0 0 0 0 0 0 0 0 0 0 0 0 0 0 0 0 0 0 0 0 0 0 0 0 0 
0 0 27 0 0 12 0 0 11 0 53 0 0 0 0 0 0 0 0 0 0 0 0 0 67 0 0 0 12 0 0 0 27 0 0 12 0 0 0 11 0 0 0 0 0 0 0 12 0 0 0 0 0 0 0 0 0 0 0 0 0 0 0 0 0 0 0 0 0 27 0 0 0 0 0 0 0 12 0 0 0 0 67 0 0 0 53 0 0 11 0 0 0 0 0 0 0 0 0 0 12 0 0 0 0 0 0 0 0 0 0 27 0 12 11 0 0 0 0 0 0 0 0 0 0 0 0 0 
0 88 44 0 0 0 0 0 0 0 46 0 0 0 100 44 0 0 88 18 0 0 0 0 0 0 0 0 0 0 0 0 87 0 0 0 0 0 0 0 0 0 0 0 0 0 0 0 0 0 45 45 0 0 0 44 0 0 0 0 0 0 100 88 0 0 44 87 0 0 0 0 18 0 0 0 0 0 0 0 88 0 0 46 0 0 0 0 0 0 0 0 0 0 44 0 0 0 0 0 0 0 45 0 0 45 0 0 0 0 0 0 0 0 0 44 0 0 0 0 0 0 0 0 0 0 0 0 
0 71 0 0 0 0 0 74 0 0 15 18 0 0 0 46 0 0 29 0 0 0 0 19 0 0 0 43 0 0 0 0 0 0 0 0 0 0 71 0 0 0 0 0 18 0 0 0 0 0 0 0 0 0 0 0 0 15 0 29 0 0 43 19 0 0 74 0 0 0 0 0 0 0 0 0 0 0 0 0 0 0 0 0 71 0 0 0 46 71 0 0 0 0 0 0 0 0 0 0 0 0 0 0 0 15 0 0 29 0 43 0 0 18 0 0 71 0 71 0 0 0 0 0 0 0 0 0 
0 0 86 0 0 0 0 0 0 0 0 0 0 0 0 0 0 0 0 0 46 0 0 0 0 0 0 43 0 0 0 0 43 0 0 0 47 0 86 0 0 0 0 0 0 0 0 88 0 0 0 0 0 0 0 0 0 0 0 43 0 0 0 0 0 0 0 0 0 0 0 0 0 47 0 0 0 0 0 0 0 0 0 0 0 0 0 0 0 0 0 0 0 46 43 0 86 0 0 0 0 0 0 0 0 0 0 0 0 0 0 0 88 0 0 0 0 0 0 0 0 0 0 0 0 0 0 0 
0 0 34 86 16 0 0 0 0 0 0 0 0 0 0 0 0 0 0 0 0 0 0 0 0 46 0 0 0 49 0 0 0 16 0 0 0 0 0 19 0 0 86 0 0 0 0 0 0 0 16 0 0 0 0 0 0 0 0 34 0 0 0 0 0 0 0 0 0 0 0 0 0 0 86 0 0 0 0 0 49 0 0 0 0 0 0 16 0 0 0 0 0 0 0 0 0 0 46 0 0 0 0 0 0 0 0 0 0 0 0 19 0 0 0 86 0 0 0 0 0 0 0 0 0 0 0 0 
76 0 0 76 0 0 0 0 0 0 92 0 0 0 0 0 0 0 0 0 21 0 0 0 0 0 46 0 0 0 0 0 0 44 0 0 0 0 0 100 0 0 44 0 0 0 0 0 0 0 0 0 0 0 0 0 0 0 0 87 0 0 0 92 0 0 0 0 0 0 0 0 0 0 0 0 87 0 21 0 0 0 0 0 0 0 0 0 76 0 0 0 0 0 44 0 0 44 100 46 0 0 0 0 0 0 0 0 0 0 0 0 0 0 0 0 0 0 0 0 0 0 0 0 0 0 0 0 
107 0 0 0 0 0 0 0 0 78 0 0 0 0 78 0 0 0 0 0 0 0 0 0 0 78 75 46 0 0 0 22 78 0 33 0 0 0 0 0 0 0 0 0 0 0 0 107 0 0 0 78 0 0 0 78 0 0 0 0 0 0 0 0 0 0 0 0 0 0 0 0 0 0 0 0 0 0 0 75 0 22 78 0 0 0 0 33 78 0 0 0 107 0 0 78 0 0 0 0 46 0 0 0 0 0 0 78 0 0 0 0 78 0 0 0 0 0 0 78 0 0 22 0 0 0 0 0 
0 102 0 0 0 0 0 0 0 0 0 0 0 0 0 0 0 0 20 0 0 0 0 0 0 22 0 0 46 0 0 104 0 0 0 0 0 0 0 0 0 0 0 18 33 0 0 0 0 0 0 0 0 0 0 0 46 0 0 102 0 0 22 0 104 0 0 0 0 0 0 0 0 0 0 0 0 20 0 0 33 0 0 0 0 0 0 0 0 0 0 0 18 0 0 104 0 0 0 0 0 46 0 0 0 0 0 0 104 0 0 0 0 22 0 0 0 0 0 0 0 0 0 0 0 0 0 0 
0 108 81 23 0 0 0 0 0 0 53 0 0 0 0 0 23 0 0 0 0 0 0 0 48 0 0 0 0 0 0 51 0 0 0 0 0 48 48 23 81 0 0 0 0 0 0 0 0 0 0 0 0 0 0 0 0 0 108 0 0 23 0 0 0 0 0 0 0 51 0 0 0 0 51 0 23 0 0 0 0 0 48 0 0 0 53 0 0 0 0 0 0 0 0 0 0 0 0 0 0 0 0 0 0 0 0 23 0 0 0 0 108 0 0 0 0 0 0 0 0 0 0 0 0 0 0 0 
80 104 0 0 0 0 0 0 0 0 0 81 0 0 81 53 82 0 82 0 0 0 54 0 0 52 0 0 0 0 0 0 104 0 0 0 0 54 0 80 0 0 0 0 0 0 0 0 0 0 0 0 0 0 0 0 109 0 0 0 0 0 0 0 0 0 0 0 0 0 0 0 0 0 0 0 104 0 81 81 82 82 0 52 0 0 0 0 0 0 0 53 0 0 0 0 0 0 0 0 0 0 0 0 0 0 0 0 0 0 0 0 0 54 0 54 0 0 0 0 0 0 0 0 0 0 0 0 
0 0 0 0 0 0 0 0 0 0 0 0 0 0 0 0 0 0 0 0 53 51 78 0 0 0 0 0 0 0 0 0 0 27 40 0 0 0 0 0 0 0 78 27 0 0 0 0 111 0 0 0 0 0 0 0 0 0 0 0 0 0 25 0 51 0 0 0 0 0 0 0 0 0 0 0 0 0 0 78 0 0 0 0 0 0 0 0 0 0 0 40 0 0 27 0 53 0 0 0 0 78 0 27 111 0 0 51 0 0 0 0 0 0 0 0 0 0 0 0 0 0 0 51 0 0 0 0 
0 0 26 0 110 0 0 0 0 0 0 0 0 0 0 0 0 0 0 0 0 0 0 37 0 53 0 0 0 0 0 0 0 0 0 0 0 0 56 0 0 0 0 0 56 0 0 54 0 0 0 0 0 0 0 0 0 0 0 0 0 23 0 84 84 56 24 0 0 0 0 0 0 0 0 110 0 0 26 0 0 0 0 0 0 0 0 37 0 0 0 0 0 0 84 0 0 0 0 0 0 53 56 0 0 0 0 0 0 0 0 0 0 0 54 0 0 0 0 0 0 0 0 84 0 0 0 0 
80 0 0 0 0 0 0 0 0 0 0 79 0 28 0 0 0 0 95 0 0 0 0 0 0 0 53 0 0 0 0 0 0 0 0 0 0 0 0 0 0 0 0 0 0 0 0 0 0 0 0 0 0 0 0 95 0 0 0 0 42 24 0 0 0 0 0 0 0 0 0 0 0 0 80 28 0 0 0 0 0 0 0 0 0 0 0 0 0 0 0 0 0 0 79 0 0 0 0 42 0 0 53 0 0 0 0 0 0 0 0 0 0 0 0 95 0 0 0 0 42 0 0 0 0 0 0 0 
0 24 0 109 0 0 0 0 0 112 0 0 0 0 0 0 0 0 0 0 0 0 0 110 0 0 0 53 0 0 0 0 0 0 28 0 0 0 0 0 0 0 0 0 0 0 0 0 0 0 0 0 0 0 0 0 0 0 0 0 0 0 0 109 0 112 0 0 0 0 0 0 24 0 110 28 0 0 0 0 0 0 0 0 0 0 0 0 0 0 0 0 0 0 0 0 112 0 0 0 0 0 0 53 0 28 0 0 0 0 0 0 0 0 0 0 0 0 0 0 0 0 0 0 0 0 0 0 
111 0 0 0 0 0 0 0 0 0 0 0 0 0 0 0 41 0 0 0 0 0 0 0 0 111 0 0 53 0 0 0 54 0 0 0 0 0 41 0 0 0 0 0 0 0 0 0 0 0 0 0 0 0 0 0 0 0 0 0 0 0 0 0 0 0 0 0 0 0 0 0 0 0 0 0 0 0 0 0 0 0 0 0 0 0 0 111 0 0 0 0 0 0 0 0 0 0 0 0 0 0 0 0 53 0 41 0 0 0 0 0 0 0 0 0 54 0 0 0 0 0 0 0 0 0 0 0 
114 0 0 0 0 0 0 0 0 0 0 0 0 0 0 0 0 102 0 0 0 58 0 0 0 0 0 0 0 46 0 0 0 0 0 0 0 0 0 0 0 0 0 0 0 0 0 114 0 0 0 0 0 0 0 0 0 114 0 0 0 0 0 58 0 0 0 0 0 0 58 0 0 0 0 0 0 0 0 0 0 0 0 0 0 102 0 0 0 0 0 0 0 0 0 0 0 0 0 0 0 0 46 0 0 0 0 0 0 0 0 0 0 102 0 0 0 0 0 0 0 0 0 0 0 0 0 0 
0 115 0 0 0 0 0 0 0 0 0 0 0 0 0 0 0 0 0 0 0 0 0 0 0 0 0 0 0 0 0 0 0 0 46 0 0 0 116 0 0 0 0 0 0 0 103 0 0 0 0 0 0 0 0 0 0 103 0 0 0 0 0 0 0 0 0 0 0 0 0 0 0 0 0 0 115 0 0 0 0 0 0 0 0 0 0 0 0 0 0 0 0 0 0 0 0 0 0 0 0 0 103 0 0 0 0 46 0 0 0 103 0 0 0 0 0 0 0 0 0 0 0 0 0 0 0 0 
29 0 0 0 113 0 0 0 0 0 0 0 0 90 0 0 0 0 0 0 0 0 0 0 0 85 0 0 103 0 0 0 0 0 0 86 0 0 0 46 0 0 0 0 0 0 113 0 0 0 85 0 0 0 29 0 85 0 0 0 0 0 0 46 0 0 0 0 0 0 0 86 0 0 90 0 0 0 0 0 0 0 0 0 0 0 0 0 0 0 0 103 0 0 0 29 0 0 0 0 0 0 0 0 0 0 0 0 0 0 0 0 46 0 85 0 0 0 0 0 0 0 90 0 0 0 0 0 
43 0 0 0 43 0 0 0 0 0 58 0 0 0 0 58 0 0 0 0 29 0 0 0 0 0 0 0 0 0 0 115 0 0 0 0 0 0 0 0 0 0 0 0 46 0 0 0 0 0 0 0 0 0 0 0 0 0 47 0 43 0 0 43 0 0 0 0 0 0 58 58 0 0 0 29 0 0 0 0 0 0 0 0 0 0 0 0 0 0 0 0 0 0 0 0 0 0 115 0 0 0 0 0 0 43 43 0 0 0 0 0 0 47 0 0 0 46 0 0 0 0 0 0 0 0 0 0 
49 49 0 0 0 44 44 0 0 0 0 0 0 0 0 0 48 0 0 0 0 0 0 0 0 34 0 0 0 0 0 0 0 100 0 62 0 86 0 62 49 0 0 0 120 46 0 30 0 0 0 0 0 0 0 0 0 0 0 0 0 0 0 0 44 44 0 0 0 49 49 0 48 34 0 0 0 0 0 62 0 0 0 0 0 0 0 120 100 62 0 0 0 86 0 0 49 0 0 0 0 0 0 0 0 0 0 0 0 0 0 0 0 30 0 0 49 49 0 0 48 0 0 0 0 0 0 0 
0 61 31 0 0 61 0 0 0 0 0 0 61 0 0 0 0 0 0 0 115 0 0 0 0 0 88 0 0 0 0 0 0 61 0 0 0 0 0 0 0 0 0 0 0 0 46 0 0 0 0 0 0 0 0 0 0 0 0 0 0 0 0 0 0 47 0 0 0 0 0 0 0 0 0 0 0 0 31 0 0 0 115 0 0 0 0 0 0 0 88 0 0 0 0 0 0 0 0 0 0 0 0 0 0 0 61 0 0 0 61 0 0 0 47 0 0 0 0 0 0 0 0 0 0 0 0 0 
0 0 0 0 0 0 0 0 88 0 0 0 0 0 0 0 0 0 0 0 104 0 0 107 92 36 0 88 0 0 0 0 104 0 0 0 0 0 0 0 0 38 0 0 0 121 0 46 0 88 0 0 0 0 0 0 0 0 0 0 0 0 92 0 0 0 36 92 0 0 0 0 0 0 0 0 0 0 104 0 38 107 0 0 0 0 0 0 0 104 121 0 0 88 0 0 0 0 0 0 0 0 0 0 0 0 0 0 0 0 0 0 0 36 0 0 0 0 107 104 0 0 0 0 0 92 0 0 
0 0 33 0 0 0 0 0 0 0 0 62 0 0 0 0 0 0 0 121 0 0 66 0 0 0 0 0 0 53 0 0 62 0 0 0 0 0 0 0 0 0 0 0 0 0 0 0 0 0 0 0 0 0 33 0 0 0 62 0 0 0 0 0 0 0 0 0 121 0 0 0 0 0 0 0 0 0 66 0 0 0 0 62 0 0 0 0 0 0 62 0 0 0 0 0 121 0 0 0 0 0 62 0 0 53 0 0 0 0 0 33 0 0 0 0 0 0 0 0 0 0 0 0 0 0 0 0 
68 0 0 0 0 0 0 0 0 0 0 0 0 0 0 0 0 0 0 0 0 0 0 0 0 68 0 0 0 0 123 0 110 40 53 91 0 0 91 0 0 0 0 0 0 0 0 0 0 0 38 0 0 0 0 0 53 0 0 0 0 0 0 0 0 0 0 0 0 0 0 0 0 91 0 0 0 0 0 0 0 0 0 0 0 0 0 0 0 0 0 40 91 38 0 110 0 0 0 123 0 68 0 0 0 0 0 0 0 0 53 0 0 0 0 68 0 0 0 0 0 0 0 0 0 0 0 0 
36 0 0 0 0 0 0 0 0 68 40 0 0 0 68 0 124 0 0 0 0 0 0 0 0 0 0 0 0 0 0 107 0 0 39 0 0 65 41 53 107 95 65 0 0 0 0 0 110 0 0 0 0 0 0 0 0 0 0 0 0 0 111 0 0 0 95 0 0 0 0 0 36 0 0 0 68 40 0 68 0 0 0 0 0 0 0 0 124 0 39 0 0 0 65 65 0 0 0 0 0 0 0 0 36 0 0 0 0 0 0 0 0 0 0 0 110 0 0 0 0 107 0 0 0 0 0 0 
64 64 0 65 0 0 0 0 0 0 0 0 0 0 0 0 0 0 0 0 0 0 0 0 0 55 122 0 38 0 0 52 55 52 0 0 0 0 0 0 0 0 112 0 53 37 0 0 0 0 0 0 0 0 0 52 112 0 55 0 0 0 52 52 0 55 54 0 0 64 0 0 0 64 0 0 0 0 0 0 0 0 0 65 0 0 0 0 0 122 0 0 55 0 0 0 52 55 0 0 0 0 0 0 0 0 38 0 0 52 0 0 0 0 0 0 53 112 37 0 0 52 0 0 0 0 0 0 
41 0 0 0 0 0 0 0 0 0 0 0 0 0 0 0 65 94 0 0 0 0 0 109 0 0 0 0 0 0 0 0 0 126 0 0 0 0 0 0 0 0 0 0 0 53 0 0 0 0 0 0 0 0 0 41 0 0 0 0 0 0 0 0 0 0 51 0 0 0 0 0 0 0 0 0 0 94 0 0 0 0 65 0 0 0 0 0 0 0 0 0 0 109 0 0 0 0 0 0 126 0 0 0 0 0 0 0 0 0 0 0 0 94 0 0 0 0 53 0 94 0 41 0 0 0 0 0 
0 0 0 42 0 0 0 0 0 0 0 108 0 0 42 0 126 0 0 0 0 0 0 0 0 0 98 0 0 0 42 0 0 109 0 0 0 0 54 0 0 39 0 122 0 0 53 0 0 0 0 0 42 54 0 98 0 0 0 0 0 0 0 0 0 0 126 0 0 0 0 108 0 0 98 0 0 0 0 98 0 0 0 0 42 0 0 0 0 0 0 0 0 0 109 0 0 0 0 39 0 0 0 42 0 0 122 0 0 0 0 0 0 54 54 42 0 0 0 126 0 0 0 0 0 0 0 0 
0 111 0 0 0 0 0 0 0 0 0 0 41 0 0 0 0 0 0 0 0 0 0 0 0 0 0 0 0 0 0 0 0 0 0 0 111 0 41 55 55 0 0 0 0 0 0 53 67 0 0 0 0 0 0 0 0 0 111 0 0 0 0 0 0 0 0 0 0 0 0 0 0 0 0 0 0 0 0 0 0 0 0 67 0 0 0 0 0 0 0 0 0 0 0 0 0 0 0 0 41 0 0 0 0 0 0 0 0 0 0 0 0 0 0 0 0 0 0 0 0 0 0 0 0 0 0 0 
116 0 0 0 0 0 0 0 0 0 0 0 0 0 0 115 0 73 0 0 0 0 0 0 0 0 0 0 0 0 0 0 0 0 0 0 73 0 0 0 0 0 0 0 0 0 0 0 0 0 130 0 0 0 0 0 0 0 0 0 0 0 0 116 0 0 0 0 0 0 0 0 0 0 0 0 0 0 0 0 0 0 0 0 0 0 0 73 0 0 115 0 0 0 0 0 0 0 0 73 0 0 0 0 0 0 0 0 0 0 0 0 0 0 0 0 0 0 0 0 0 0 0 0 0 0 0 0 
116 0 0 0 0 0 0 0 0 0 0 0 0 0 0 59 59 0 60 60 117 0 0 127 0 127 0 0 73 0 0 0 0 73 0 0 0 60 0 0 0 0 75 0 0 0 0 59 0 0 0 0 0 127 0 0 0 0 0 0 0 0 127 0 59 0 0 116 0 0 0 60 0 0 60 0 0 0 0 0 0 0 0 117 73 0 73 0 0 0 0 127 127 0 0 0 0 0 75 59 0 0 0 0 0 0 0 0 0 60 0 0 59 0 0 0 0 0 0 0 0 0 0 0 0 0 0 0 
116 57 0 0 0 0 0 0 0 44 113 0 0 0 0 0 0 0 0 0 0 0 0 0 0 57 0 0 0 0 0 0 0 0 0 0 47 47 0 0 0 61 0 0 0 0 0 0 0 0 128 128 0 0 0 0 0 61 44 0 47 0 0 0 0 113 0 0 0 0 0 0 116 0 0 0 0 128 113 0 0 0 0 0 0 0 0 0 0 0 0 0 47 47 0 0 0 0 0 0 0 57 0 0 57 128 0 0 44 0 0 0 61 61 0 0 0 0 0 0 0 0 0 0 113 0 0 0 
116 57 0 57 0 0 0 0 0 0 45 0 45 0 0 0 0 0 77 0 77 0 0 0 0 57 0 0 0 76 76 0 0 0 77 0 77 0 0 0 118 0 0 0 0 133 0 0 0 133 0 59 0 0 59 0 0 0 0 0 131 0 0 0 127 127 57 0 57 0 0 0 57 0 0 0 116 45 0 45 0 0 0 0 0 0 77 77 0 0 0 76 0 0 0 0 0 76 0 0 0 0 77 77 118 0 0 59 59 0 0 133 133 0 0 0 45 0 0 45 0 0 0 0 0 0 0 0 
0 116 0 0 0 0 0 0 0 0 0 0 0 0 0 0 0 0 0 0 0 0 0 0 0 45 0 0 0 0 0 0 0 102 0 0 0 0 0 48 0 0 0 0 0 115 0 0 0 0 0 0 0 0 0 0 0 0 0 0 0 0 0 0 0 0 0 0 0 0 0 0 0 0 0 0 116 0 0 0 0 0 0 45 0 0 0 0 0 0 0 0 0 0 0 0 0 0 102 0 48 0 0 115 0 0 0 0 0 0 0 0 0 0 0 0 0 0 0 0 0 0 0 0 0 0 0 0 
0 116 0 0 0 0 0 0 0 0 73 0 0 73 49 0 0 0 0 0 0 0 0 0 0 0 0 102 102 0 135 0 0 0 0 0 0 0 0 0 0 0 0 0 0 0 102 0 0 0 0 0 0 0 0 0 0 0 0 49 0 0 0 0 0 0 0 0 0 0 0 0 0 0 0 0 116 73 0 73 0 0 0 0 0 0 135 0 0 0 0 0 0 0 0 0 0 0 49 0 0 0 0 0 0 0 0 0 0 0 0 0 0 0 0 0 0 135 0 73 49 73 0 0 0 0 0 0 
122 106 116 0 0 0 0 0 0 0 0 0 106 0 0 0 0 79 0 0 0 0 0 0 0 0 0 122 0 0 0 0 0 106 0 0 0 79 0 0 0 0 0 0 0 0 0 0 0 0 0 0 130 0 0 0 0 0 0 0 0 0 0 0 0 0 106 0 0 0 79 0 0 0 0 0 116 0 0 0 0 0 0 0 0 0 0 0 0 0 0 0 0 0 0 0 0 0 0 0 122 0 0 0 0 0 79 106 0 0 0 0 0 0 106 0 0 0 0 0 0 0 0 0 0 0 0 0 
123 0 0 0 0 0 0 0 0 0 0 0 0 61 0 0 0 0 61 0 0 0 0 131 0 0 0 77 0 0 0 123 0 0 0 0 0 0 0 0 0 0 0 0 0 0 0 0 0 0 77 0 0 77 0 0 0 0 0 123 61 0 0 61 0 0 0 0 0 0 0 0 0 0 0 0 0 0 0 0 0 0 0 77 0 131 0 0 0 0 0 0 0 0 0 0 0 0 0 0 0 0 123 0 0 0 0 0 0 0 0 0 0 0 0 0 0 0 0 0 0 0 0 0 0 0 0 0 
123 0 0 118 0 0 0 0 0 0 0 0 0 0 50 0 0 118 0 0 0 0 0 0 0 105 0 0 0 0 0 0 0 0 0 0 50 0 0 118 0 0 0 0 0 0 0 0 0 0 0 0 0 0 118 118 0 0 0 0 0 0 0 123 0 0 0 0 0 0 105 0 0 0 0 0 0 0 0 0 0 0 0 0 0 0 0 0 0 0 0 118 105 0 0 0 0 0 0 105 0 0 0 0 0 0 0 0 50 0 0 0 0 0 0 0 0 0 0 0 0 105 0 0 0 0 0 0 
123 0 0 0 0 105 0 0 0 0 0 0 0 82 0 0 0 0 0 0 0 0 0 0 0 0 0 0 0 134 0 0 0 0 0 0 0 0 0 134 0 0 0 0 110 0 0 0 0 0 0 0 0 0 105 0 0 0 0 0 0 0 0 0 0 0 0 0 0 0 123 0 105 0 0 0 0 0 0 0 0 0 0 0 82 134 0 0 0 0 0 0 0 0 0 134 0 0 0 0 0 0 0 0 0 82 0 105 82 0 0 0 0 0 0 0 0 0 0 0 0 0 0 0 0 0 0 0 
123 50 0 0 0 0 0 0 0 50 0 0 0 0 0 0 0 0 68 0 0 0 51 51 0 80 140 0 0 0 139 0 68 0 0 0 0 0 0 0 0 0 0 0 140 0 0 0 0 0 0 0 0 0 0 50 0 0 0 0 0 0 0 0 0 0 0 0 0 50 0 0 0 123 80 0 0 0 0 0 0 0 0 0 0 0 0 68 139 0 0 0 0 0 51 0 0 0 51 0 0 0 0 0 0 0 0 0 0 140 0 0 0 140 0 0 0 0 0 0 0 0 0 0 0 0 0 0 
0 123 0 0 0 0 0 0 0 0 0 0 0 135 0 0 0 0 0 0 0 140 0 0 0 0 0 0 0 0 0 0 0 0 0 0 0 0 0 0 0 0 0 0 0 0 0 0 0 0 0 0 0 0 0 0 0 0 0 140 0 0 0 0 0 0 0 53 0 0 0 0 0 123 0 0 0 0 0 0 0 0 135 0 0 0 0 0 0 0 0 0 0 0 0 0 0 0 0 0 0 0 0 0 0 0 0 0 0 0 0 0 0 0 0 0 140 0 0 0 0 0 0 0 0 0 0 0 
0 123 52 52 0 0 0 0 0 0 126 126 0 0 0 0 0 0 0 0 0 0 0 0 0 0 0 0 0 0 0 0 0 0 0 0 0 123 0 0 0 0 0 108 0 0 0 136 0 136 0 0 0 0 0 0 0 0 0 137 0 0 0 0 52 0 52 0 0 0 0 0 123 0 0 0 0 126 0 0 0 0 0 0 0 0 0 0 0 0 0 0 0 0 0 0 0 0 0 0 0 0 126 0 0 0 123 0 0 0 108 136 0 0 0 136 0 0 0 0 0 0 0 0 0 0 0 0 
0 0 123 0 0 0 0 0 55 0 0 0 0 0 0 0 54 0 0 0 0 0 0 0 83 0 0 0 83 0 0 0 0 0 0 0 83 0 0 0 0 0 0 0 55 0 0 0 0 0 0 123 0 0 0 0 0 0 0 0 0 0 0 0 0 0 0 0 83 83 0 0 123 83 0 0 0 0 0 0 0 0 0 0 54 0 0 0 0 0 0 0 0 0 0 0 0 0 0 0 0 0 0 0 0 0 0 0 0 0 0 0 83 0 55 0 0 0 0 0 0 0 83 0 0 0 0 0 
0 0 0 0 0 0 116 0 0 0 0 143 114 0 0 0 0 0 0 0 0 0 0 0 0 0 0 0 142 0 0 0 116 0 0 0 142 143 143 143 0 0 0 0 0 116 114 0 0 0 0 0 0 0 0 0 0 0 0 0 0 0 0 0 0 0 0 0 0 0 0 0 0 0 0 0 0 0 0 0 116 0 0 114 0 142 0 142 142 0 143 143 0 0 0 0 0 0 114 0 0 0 0 142 143 0 116 0 0 0 0 114 0 114 0 0 0 0 0 0 0 0 0 0 0 0 0 0 
0 0 0 0 0 0 0 0 0 0 116 0 0 0 0 0 0 0 0 0 0 0 0 0 0 0 0 0 0 0 0 57 131 0 0 0 75 0 0 75 0 0 61 0 0 0 145 0 0 0 145 0 0 0 0 0 0 0 0 0 0 57 144 0 0 0 144 0 131 0 0 0 0 0 0 0 0 0 0 0 0 0 0 0 116 0 0 0 0 0 0 0 61 75 75 0 0 0 0 0 0 0 0 0 0 0 0 0 0 0 0 145 145 0 0 0 0 0 0 0 0 0 0 0 0 0 0 0 
0 0 0 0 145 0 0 0 0 0 0 0 0 0 116 0 0 0 0 0 0 0 0 0 142 0 0 0 0 0 0 0 0 0 0 0 0 0 0 0 0 0 114 0 0 0 0 0 0 0 0 0 0 0 0 0 0 0 0 0 0 0 0 0 0 0 0 0 0 0 0 0 145 114 0 0 0 0 0 0 0 0 0 0 0 0 0 0 116 0 0 0 0 0 0 0 0 0 0 142 114 0 142 0 0 0 0 0 0 0 0 0 0 0 0 0 0 0 0 0 116 0 0 0 0 0 0 0 
63 141 0 89 0 0 0 0 0 0 0 63 0 0 0 0 0 0 116 0 0 0 0 0 0 0 0 0 0 71 71 0 90 0 0 0 0 0 0 0 0 0 0 0 141 0 0 0 0 0 0 0 0 141 0 0 0 147 0 0 0 0 0 0 118 0 63 0 0 63 0 0 0 0 71 90 0 0 0 0 0 0 0 0 0 0 0 0 0 0 0 0 116 141 0 0 0 0 0 71 0 147 0 89 0 0 90 0 0 141 0 141 0 0 141 0 71 118 0 0 0 71 0 0 0 0 0 0 
118 0 0 0 0 0 0 73 0 0 0 0 118 0 0 118 0 0 116 0 0 0 0 0 0 0 0 0 0 114 0 0 0 0 0 0 0 0 0 0 146 118 0 0 0 0 0 0 0 0 0 72 0 72 0 0 0 72 0 0 0 0 146 0 0 0 0 0 0 0 0 0 0 0 0 0 0 0 0 0 0 0 0 0 0 0 0 0 73 114 0 0 116 0 0 0 0 0 0 0 0 0 0 0 0 0 0 0 0 0 0 72 0 72 0 0 0 72 0 0 0 0 0 0 0 0 0 0 
0 0 0 0 0 65 0 0 65 0 0 0 0 0 0 0 0 0 116 0 0 0 0 0 77 0 0 0 0 0 0 0 0 0 63 0 0 0 0 0 0 0 0 0 0 0 0 0 0 77 65 0 130 77 0 0 0 65 0 0 0 0 0 0 0 0 0 0 0 0 0 63 0 0 0 0 0 63 77 0 0 0 77 0 0 0 0 0 0 0 0 0 116 0 0 0 0 0 65 0 0 0 0 0 0 0 0 65 0 0 0 0 0 0 0 0 0 0 0 0 63 0 0 0 0 0 0 0 
131 0 0 0 0 0 0 0 0 0 0 0 0 0 0 93 122 0 116 0 0 0 0 0 0 0 94 0 0 0 0 0 94 0 0 0 0 0 0 0 0 93 0 0 122 0 0 93 0 0 0 0 0 0 0 0 0 0 0 0 0 0 0 0 0 0 0 0 0 0 94 0 0 0 131 0 0 0 0 0 0 0 0 0 94 0 0 0 0 0 0 0 116 0 0 0 0 0 0 0 0 0 0 0 0 0 93 0 0 0 131 0 0 0 93 0 0 0 122 0 0 0 0 0 0 0 0 0 
91 122 0 0 0 0 123 0 0 0 119 0 0 0 0 0 0 0 0 0 0 151 0 0 0 0 151 91 0 0 0 0 0 0 0 0 0 0 0 0 119 0 123 0 0 0 0 0 0 0 0 0 91 0 0 0 119 0 0 0 0 0 0 0 91 0 0 0 0 151 0 151 0 0 0 122 123 0 0 0 0 0 91 119 0 0 0 0 0 91 0 0 0 0 0 0 0 0 0 0 0 0 0 0 0 0 0 0 0 119 0 0 0 119 0 0 123 0 0 0 0 0 0 0 0 0 0 0 
62 62 118 0 0 0 0 0 0 0 123 0 0 80 0 0 0 80 0 0 0 0 0 0 0 0 0 0 0 152 0 0 0 0 0 0 0 0 0 0 77 0 62 0 0 62 0 0 0 0 0 118 0 0 0 0 0 0 0 0 0 0 0 0 0 0 0 80 0 0 0 0 0 0 0 0 0 0 0 0 0 123 0 80 152 0 0 80 77 0 0 0 0 0 0 0 0 77 0 62 0 0 0 62 0 0 0 0 0 0 0 0 118 0 0 0 0 0 0 0 80 0 0 0 0 0 0 0 
0 97 0 0 135 0 0 0 83 83 0 0 0 0 123 0 64 0 0 0 0 0 0 0 0 0 64 0 125 0 0 0 0 0 153 0 0 0 0 0 0 0 0 0 0 0 0 153 0 0 0 0 0 0 0 0 153 0 64 0 135 0 64 0 0 0 0 0 0 0 0 0 0 0 0 0 0 0 0 0 0 0 83 0 123 83 0 0 153 0 0 0 64 0 0 0 125 0 0 0 97 0 0 0 0 0 0 0 0 0 0 0 153 64 153 0 0 0 0 0 0 0 0 0 0 0 0 0 
69 69 0 0 0 0 0 0 0 0 0 0 0 0 0 0 0 0 123 82 0 0 0 0 0 136 0 0 0 0 0 0 82 0 83 0 0 0 0 0 0 0 154 0 0 0 0 0 0 0 138 0 154 0 65 0 138 0 0 0 139 0 139 0 0 0 0 0 0 0 69 0 0 0 0 0 0 0 0 69 0 82 0 0 0 0 0 0 123 136 0 82 0 0 0 0 0 0 0 0 83 0 0 0 0 0 0 0 138 0 0 0 0 0 0 0 0 0 138 0 0 0 0 0 0 123 0 0 
139 0 0 0 69 0 67 67 0 0 0 0 0 0 0 0 69 0 123 151 0 0 0 0 0 0 0 0 149 149 0 0 0 0 0 79 0 0 0 94 151 140 0 0 0 0 0 0 0 0 0 0 0 80 0 0 0 0 0 0 0 80 121 0 0 140 149 0 0 149 0 0 0 139 67 69 67 0 0 0 151 0 0 0 69 0 0 0 123 0 0 0 0 0 0 0 0 0 0 149 0 149 0 79 151 0 0 80 0 140 0 0 0 0 140 0 0 0 0 0 0 80 139 0 0 0 0 0 
140 70 70 84 0 84 0 0 0 0 0 0 0 0 70 0 0 0 123 0 0 0 0 0 0 0 0 0 0 70 0 0 0 0 0 0 0 84 0 0 0 0 0 122 84 140 0 0 0 0 0 0 0 0 84 0 0 66 66 0 0 80 0 0 0 0 0 0 0 0 0 0 0 70 0 0 0 0 84 0 0 0 0 0 70 0 0 0 123 0 0 0 0 0 0 0 0 0 0 0 0 0 0 140 0 0 0 0 0 122 0 0 0 0 66 0 0 66 0 0 0 0 0 0 0 0 0 0 
0 139 0 0 0 0 0 0 139 0 124 69 0 0 0 0 0 0 123 125 81 0 0 0 0 0 0 0 69 0 0 0 0 0 0 0 153 153 0 0 0 0 139 0 151 69 0 0 0 0 137 0 0 0 0 0 0 0 0 0 0 151 0 0 0 0 0 124 125 0 139 0 0 0 69 0 0 0 124 0 0 0 0 69 0 0 0 0 123 0 153 0 0 0 81 0 151 0 0 0 153 0 0 69 0 0 0 0 0 0 139 151 0 0 139 81 0 0 0 0 0 0 0 125 0 0 0 0 
0 156 0 0 0 0 0 0 0 0 0 87 0 0 0 0 0 0 0 0 0 0 116 87 73 0 0 0 0 0 0 0 0 0 0 0 156 0 0 0 0 0 0 0 0 0 0 0 0 0 0 0 0 0 0 0 0 156 130 0 0 0 0 0 0 0 0 0 0 0 0 0 0 0 0 0 73 0 0 0 0 0 0 0 0 0 0 0 0 0 0 87 0 0 0 0 116 0 0 0 0 0 0 0 0 0 0 0 0 0 0 0 0 0 0 0 0 0 87 0 0 0 0 0 0 0 0 0 
71 101 0 99 0 0 71 0 0 0 0 99 0 0 0 0 0 0 0 0 159 0 103 159 0 141 116 159 0 0 0 0 141 0 0 0 71 0 71 0 0 0 0 0 141 0 0 0 0 0 0 0 0 0 0 0 0 0 0 0 0 0 131 131 0 0 0 0 0 0 101 0 0 0 101 103 141 0 0 159 0 0 71 0 0 0 71 0 159 0 159 0 0 0 0 0 0 0 0 0 116 0 0 0 0 99 0 0 0 0 99 0 99 0 0 0 0 0 0 0 0 0 0 0 0 0 0 99 
85 0 0 0 0 0 0 72 72 0 0 0 160 76 0 76 0 0 0 0 72 0 0 0 0 0 0 0 0 0 116 0 0 0 158 0 0 74 74 0 0 89 0 0 0 0 0 0 0 0 0 0 0 0 0 0 0 0 160 0 72 0 0 0 0 0 0 131 131 0 0 0 0 76 0 76 0 0 85 0 0 0 0 74 0 0 0 160 0 0 0 0 74 0 0 0 0 0 0 0 0 89 0 0 116 0 0 0 158 0 0 0 0 0 0 0 0 0 0 0 0 0 0 0 0 0 0 0 
85 86 87 88 0 89 0 0 0 0 0 90 0 91 0 99 0 100 0 101 0 102 0 103 0 104 0 105 0 113 0 114 0 115 0 117 0 118 0 119 0 99 0 141 141 155 0 155 0 72 72 0 0 0 0 0 0 0 0 99 0 159 0 0 0 159 0 0 0 0 0 132 132 0 85 0 0 86 0 87 0 88 0 89 0 90 0 91 0 99 0 100 0 101 0 102 0 103 0 104 0 105 0 113 0 114 0 115 0 117 0 118 0 119 0 99 0 141 141 0 0 0 0 0 0 101 0 0 
134 0 0 0 0 0 0 0 0 0 0 0 0 0 0 0 0 0 146 146 0 86 0 0 0 0 0 0 162 0 0 0 116 0 0 0 0 0 0 0 0 0 0 0 0 0 0 142 142 0 0 0 0 0 0 0 0 0 0 0 156 0 0 0 0 0 0 0 0 0 0 0 0 0 0 134 0 0 86 0 0 0 0 0 162 0 0 0 146 0 0 0 146 0 0 0 0 0 0 0 0 0 0 0 0 0 116 0 0 142 0 0 0 0 0 0 0 142 0 0 0 0 0 0 0 134 0 0 
0 93 0 107 0 0 103 0 0 0 0 0 143 0 0 0 0 0 93 0 0 143 0 0 144 144 0 0 134 0 0 0 116 88 0 148 0 148 0 93 0 0 0 0 0 0 0 157 0 0 129 129 157 0 0 159 0 102 0 0 0 93 107 0 0 0 0 0 0 0 0 159 103 93 93 0 0 0 103 0 0 0 134 0 148 0 0 0 0 0 0 0 0 0 143 144 0 143 88 148 144 0 0 0 0 0 116 0 0 0 157 157 0 107 102 0 0 0 129 129 0 103 0 0 0 0 0 0 
0 0 0 0 0 0 0 0 0 106 0 0 0 148 0 0 0 148 0 0 0 0 0 162 0 162 0 0 0 0 0 145 116 0 106 106 0 0 0 0 0 0 0 0 0 0 148 158 0 0 0 0 0 106 0 0 0 0 148 0 0 0 0 0 0 0 0 0 0 0 0 0 0 0 0 0 0 162 0 0 162 0 0 145 0 0 0 0 0 0 0 0 162 0 0 0 106 0 0 0 0 0 0 158 0 0 116 0 0 0 0 106 0 0 0 0 162 0 0 0 0 0 0 0 0 0 0 0 
0 131 0 0 0 0 0 0 0 0 147 0 0 147 150 0 0 0 0 0 0 0 123 0 0 0 0 0 0 0 0 0 0 0 0 0 0 0 0 0 0 0 0 147 0 0 0 0 0 0 75 0 0 0 147 0 0 0 147 0 0 0 147 75 0 0 0 0 0 0 150 0 0 0 0 0 131 0 0 0 0 0 0 0 0 0 0 0 0 0 0 0 123 0 0 0 0 147 0 0 0 0 147 0 0 0 0 0 0 147 0 0 0 0 0 0 0 150 131 0 0 147 0 0 0 0 0 0 
0 0 78 0 0 0 0 0 0 0 0 0 0 164 0 0 0 0 0 0 0 0 0 0 0 0 123 0 0 166 0 0 0 0 147 0 147 0 166 0 0 77 0 0 0 0 0 0 0 0 0 0 0 152 152 0 0 0 0 78 110 0 0 0 0 0 0 0 165 165 0 0 0 0 0 0 0 0 0 0 0 0 0 0 0 147 0 147 164 0 0 0 0 0 0 166 123 0 0 166 0 0 77 0 0 0 152 0 78 0 0 0 152 0 0 0 0 0 0 0 0 0 0 0 0 0 0 0 
0 91 0 0 0 0 0 0 0 0 0 0 0 81 0 0 106 0 149 0 105 0 0 0 0 0 0 0 0 0 123 0 0 0 0 0 83 0 0 149 111 0 133 91 0 0 0 0 133 0 0 0 0 0 0 0 0 0 148 0 0 0 0 153 148 0 0 106 0 0 0 0 0 0 0 105 0 0 0 91 0 0 105 0 0 81 0 0 0 149 0 0 0 0 0 0 0 0 0 83 123 0 111 0 0 0 149 0 0 0 0 153 0 0 0 0 0 0 0 0 0 0 0 0 0 0 0 0 
92 93 94 95 0 96 0 0 0 0 0 97 0 98 0 106 0 107 0 108 0 109 0 110 0 111 0 112 0 120 0 121 0 122 0 124 0 125 0 126 0 0 92 79 79 0 97 0 0 0 0 0 0 0 0 0 98 0 0 106 124 0 0 0 0 0 96 0 0 0 92 0 0 0 93 94 0 0 95 0 0 97 0 98 0 106 107 0 0 108 0 109 0 110 0 111 0 112 0 120 0 121 0 122 0 125 0 0 126 0 79 79 0 92 0 97 0 0 106 0 0 0 0 0 0 109 0 0 
0 0 0 0 0 0 0 0 80 154 0 154 0 0 0 0 0 112 0 0 0 0 0 0 0 0 0 0 0 0 0 0 123 0 0 0 0 0 0 0 0 0 0 0 0 135 135 0 0 0 135 0 135 0 0 0 0 0 0 0 0 135 0 0 0 0 0 0 0 154 0 112 0 0 154 0 0 0 0 0 0 0 0 0 0 0 0 0 0 80 0 0 112 0 0 0 0 0 0 0 0 0 123 0 0 0 0 0 0 0 0 0 0 0 0 0 0 0 0 135 135 0 0 0 0 0 0 0 
0 0 0 0 0 0 0 0 0 168 0 0 0 0 0 0 0 0 168 0 0 108 164 0 0 0 112 0 0 0 154 0 123 0 0 0 0 0 0 0 0 0 0 0 154 0 154 0 0 0 0 0 0 152 0 0 152 0 0 0 0 0 168 0 0 0 0 166 0 0 166 0 0 0 0 0 0 0 168 164 112 0 0 0 154 0 154 0 154 108 0 0 0 0 0 0 0 0 152 0 0 0 123 0 0 0 0 0 152 0 166 166 0 0 0 112 0 0 0 0 0 0 0 0 0 0 0 0 
167 0 0 0 0 0 165 0 97 0 0 165 0 0 0 0 0 0 0 0 0 0 0 83 0 139 139 0 0 0 0 82 123 0 167 0 0 0 0 0 0 0 0 0 0 0 0 0 0 0 0 97 0 83 0 0 0 0 165 0 0 165 0 0 0 0 167 0 0 0 0 0 0 0 0 0 139 97 0 0 0 139 0 0 0 82 0 0 0 0 0 0 0 0 0 0 0 0 0 83 0 123 0 0 0 0 165 0 0 0 0 165 0 0 0 0 0 0 97 0 0 139 139 0 0 0 0 0 
130 0 144 0 0 0 0 0 0 0 0 0 158 0 86 0 0 0 0 158 0 0 0 0 158 0 0 0 0 0 0 0 0 0 0 0 0 0 0 144 86 158 0 0 0 0 0 0 0 0 0 0 0 0 0 0 0 158 88 0 0 0 0 0 0 158 0 0 0 0 0 130 0 0 0 0 0 0 0 0 0 0 0 0 0 158 0 0 0 0 0 0 0 0 158 0 0 0 0 0 0 0 0 0 0 0 86 0 0 0 0 0 0 0 0 0 0 0 0 0 0 0 0 0 0 0 0 0 
159 0 0 130 0 0 0 0 0 0 0 0 0 0 0 0 0 0 0 0 0 0 0 0 0 0 0 0 0 158 0 0 0 0 0 0 0 87 0 0 0 0 0 0 0 0 0 0 0 0 0 0 0 0 0 0 0 0 0 0 159 0 0 0 158 0 0 0 0 0 0 0 0 0 0 0 0 130 0 0 0 0 0 0 0 0 0 0 0 0 0 0 0 0 0 0 0 0 0 0 0 0 0 0 0 0 87 0 0 0 0 0 0 0 0 0 0 0 0 0 0 0 0 0 0 0 0 0 
130 0 0 0 0 0 0 0 0 0 0 0 142 145 0 0 142 0 155 0 0 0 0 0 0 0 0 0 0 155 0 0 0 160 0 0 0 142 0 155 0 0 0 0 160 0 0 0 0 0 142 0 118 0 0 160 0 0 0 0 0 0 0 0 0 0 0 0 0 0 0 130 0 0 0 0 0 0 0 0 0 0 0 0 0 0 0 0 0 0 0 0 145 155 0 0 160 0 0 0 0 0 142 0 0 142 0 155 0 155 0 0 0 160 0 0 118 0 0 0 0 0 0 0 0 0 0 0 
127 127 0 0 128 128 0 0 129 129 131 131 0 132 132 133 0 133 0 141 141 0 142 142 0 143 143 0 144 144 0 145 145 0 146 146 0 147 147 0 155 155 0 156 156 0 157 157 0 158 158 0 159 159 0 160 160 0 161 161 0 104 0 85 0 91 0 113 0 0 0 156 156 0 0 127 127 0 0 0 128 0 128 129 129 0 131 131 0 132 132 133 0 133 0 141 141 0 142 142 0 143 143 0 144 144 0 145 145 0 146 146 0 147 147 0 155 155 0 156 156 0 157 157 0 0 0 0 
105 130 147 156 120 156 0 0 0 0 0 0 0 0 0 0 0 0 0 0 100 0 92 0 0 0 0 0 0 0 0 0 0 0 0 0 0 0 0 0 0 0 0 0 0 0 0 0 0 0 0 0 0 114 0 0 0 0 0 88 0 0 0 0 0 0 115 0 0 0 0 0 0 0 0 0 157 157 0 105 120 100 0 130 0 147 0 0 0 0 0 0 0 0 0 0 0 0 0 0 92 0 156 0 0 156 120 0 0 0 0 0 0 0 0 0 0 0 0 0 0 105 0 0 0 0 0 0 
149 159 0 159 0 0 0 0 130 0 0 0 0 0 0 157 0 0 0 0 0 0 0 0 157 0 0 0 0 0 144 0 0 0 0 0 0 161 0 0 0 0 0 161 0 0 0 0 0 0 144 0 149 0 0 0 0 0 161 0 0 0 0 0 0 0 0 0 0 0 116 0 0 0 0 0 0 0 0 0 157 0 0 0 130 0 0 0 0 157 0 161 0 0 0 0 0 0 0 0 0 0 0 0 0 144 144 0 0 0 161 0 0 0 0 0 0 0 0 0 0 0 0 0 0 161 0 0 
122 0 0 0 0 0 0 149 0 0 130 0 0 0 0 0 0 0 0 0 0 0 0 0 0 0 0 0 0 0 0 0 0 0 0 0 0 0 88 0 0 0 0 0 0 0 0 0 0 0 0 149 0 145 0 0 0 0 0 0 0 0 145 0 0 0 0 0 0 0 0 0 0 0 0 0 0 0 0 0 0 0 0 0 0 0 130 0 0 0 0 0 0 0 0 0 0 0 88 0 0 0 0 0 0 0 0 0 0 0 0 0 0 0 0 149 145 0 0 0 0 145 0 0 0 0 0 0 
137 117 0 0 0 0 0 0 0 0 0 0 0 145 0 0 0 0 0 0 0 0 0 164 164 0 0 0 94 0 118 0 163 163 0 164 0 0 0 0 0 0 0 0 0 0 0 0 0 0 0 94 0 0 0 0 0 117 0 0 0 0 0 0 0 0 0 0 164 164 0 137 145 0 0 163 0 0 0 0 0 0 0 0 0 0 0 118 0 0 0 0 0 163 0 0 0 164 0 0 0 0 0 0 0 0 0 0 0 0 117 0 0 0 0 0 164 0 164 0 0 0 0 0 0 0 0 0 
0 0 0 137 0 0 0 96 0 0 0 108 108 0 0 0 0 0 0 0 0 0 0 0 0 0 0 0 0 0 0 0 0 0 0 0 0 0 164 0 0 0 0 124 0 0 0 0 0 124 90 0 0 0 0 0 0 0 0 160 0 0 124 0 160 0 0 0 137 0 0 0 0 0 0 0 0 0 0 0 96 0 0 0 0 0 0 0 0 0 0 0 90 0 0 0 0 0 0 0 0 0 0 0 164 0 160 160 0 0 124 0 0 0 0 0 90 0 0 0 0 0 0 0 0 0 0 0 
137 0 0 0 0 0 0 0 0 0 0 0 147 0 0 0 153 153 0 0 109 0 0 0 0 0 0 0 0 0 0 0 0 0 0 0 0 0 0 97 0 0 0 0 0 0 0 0 0 0 147 0 0 0 0 0 0 0 0 0 0 0 0 0 0 0 0 0 0 0 0 0 147 0 0 0 0 0 153 0 0 0 0 0 137 0 0 0 0 153 109 0 0 0 0 0 0 0 0 0 0 0 0 0 0 97 0 0 0 0 0 147 0 0 0 0 0 0 0 0 0 0 0 0 0 0 0 0 
134 134 0 0 135 135 0 0 136 136 138 138 0 139 139 140 0 140 0 148 148 0 149 149 0 150 150 0 151 151 0 152 152 0 153 153 0 154 154 0 162 162 0 163 163 0 164 164 0 165 165 0 166 166 0 167 167 0 168 168 0 112 0 166 166 0 164 164 97 0 167 0 0 167 0 0 0 0 134 134 135 135 0 136 136 138 0 138 0 139 139 140 0 140 0 148 148 0 149 149 0 150 150 0 151 151 0 152 152 0 153 153 0 154 154 0 162 162 0 163 163 0 164 164 0 0 165 165 
0 137 149 0 0 0 0 167 0 0 0 0 0 0 0 0 0 0 0 0 0 0 0 0 0 167 0 0 0 0 0 0 0 0 0 0 0 0 0 0 0 0 167 0 0 109 163 0 0 0 0 0 0 0 0 0 0 0 0 167 0 0 0 0 0 0 0 0 0 0 0 0 0 0 0 0 149 0 0 0 137 0 0 0 0 0 0 0 0 0 0 0 0 0 0 0 0 0 0 0 0 0 0 0 0 0 167 0 0 0 0 109 0 0 0 0 0 0 0 0 0 0 0 0 0 167 0 0 
0 126 110 112 0 0 0 0 137 0 0 0 0 0 0 0 0 0 0 0 0 0 0 95 0 0 0 0 0 0 0 0 0 0 0 0 150 0 0 0 0 0 0 0 0 0 0 150 0 0 0 0 126 112 0 0 0 0 0 0 0 109 0 0 0 0 0 0 0 0 0 0 0 110 0 0 0 0 0 0 0 0 0 0 137 0 0 0 0 95 0 0 0 0 0 0 0 0 0 150 0 112 0 150 0 0 0 0 0 0 0 0 0 0 0 0 0 0 0 110 0 126 0 0 0 0 0 0 
167 0 0 111 152 0 0 0 0 0 137 0 0 0 167 0 0 0 0 0 96 0 0 0 167 0 0 0 95 0 0 0 152 0 0 110 0 167 0 0 0 0 0 0 0 0 0 167 0 0 0 0 0 111 0 0 0 0 0 0 0 0 0 0 0 0 0 0 0 0 167 167 0 0 0 0 0 96 0 167 0 0 0 0 0 0 137 0 0 0 0 95 0 111 0 96 0 0 110 0 0 0 0 0 0 0 0 152 0 0 0 0 0 0 0 0 0 0 0 0 0 0 0 0 0 0 0 0 
0 0 0 0 0 0 0 0 0 102 130 114 0 0 0 0 0 0 0 0 0 0 0 0 0 0 0 0 0 0 0 0 116 0 0 0 0 102 0 0 0 0 0 0 0 0 0 0 0 0 0 0 0 0 0 0 0 0 0 0 0 0 114 0 0 0 0 0 0 0 0 0 0 0 0 0 0 0 0 0 0 0 0 0 0 0 130 0 102 0 0 0 0 0 0 102 0 0 0 0 0 0 0 0 0 0 116 0 0 0 0 0 102 0 0 0 0 0 0 0 0 0 0 0 0 0 0 0 
155 99 0 0 0 0 0 0 0 0 101 0 0 129 0 130 0 155 0 0 0 155 0 0 0 0 0 0 0 0 0 0 0 0 0 117 0 129 0 0 155 0 0 0 0 0 0 0 0 0 0 0 0 0 0 0 0 0 0 129 0 0 0 101 155 0 0 0 0 0 0 99 0 155 0 0 0 0 0 0 0 0 155 0 0 0 0 155 0 0 0 130 0 0 0 0 0 0 0 0 99 0 0 155 0 0 0 0 0 0 0 0 0 0 117 155 101 155 0 0 0 155 0 0 0 0 0 0 
158 156 0 0 0 0 156 0 0 0 0 0 118 0 0 0 0 0 0 0 130 0 0 0 99 0 0 0 0 0 0 0 0 0 0 0 0 0 0 0 0 0 158 0 0 0 0 0 0 0 0 0 0 156 99 0 0 0 0 0 0 0 0 156 0 0 99 158 0 156 0 118 0 0 0 0 0 156 0 99 0 0 0 0 156 0 0 0 0 0 0 0 0 0 0 0 130 0 0 156 0 0 0 0 0 0 0 0 0 0 0 0 0 0 0 0 0 0 99 0 0 156 0 0 0 156 0 0 
127 127 0 0 0 0 0 0 0 0 0 0 0 0 0 0 0 0 0 0 0 0 0 0 0 130 0 0 0 0 0 0 0 0 0 0 0 0 118 0 0 132 0 0 0 0 0 0 0 0 0 0 0 0 0 0 0 0 0 0 0 0 0 100 0 0 0 0 0 0 127 127 0 0 0 0 0 118 0 0 0 0 0 0 0 0 0 0 0 0 0 0 0 0 0 0 0 0 0 0 0 130 0 0 0 0 0 0 0 0 0 0 0 0 0 0 0 132 0 0 0 0 0 0 0 0 0 0 
162 158 158 101 0 0 0 0 0 129 134 134 161 0 0 0 0 0 0 0 0 0 161 0 129 0 130 0 0 0 0 0 0 119 0 0 0 0 0 0 0 0 0 0 161 0 100 0 161 133 0 0 0 0 0 0 0 0 0 0 0 0 0 0 0 0 0 0 0 134 158 0 162 0 134 0 158 0 161 0 0 101 0 0 129 129 0 0 161 0 119 0 158 0 0 0 0 161 0 0 0 0 130 0 0 0 0 0 0 0 0 0 0 0 161 100 0 0 158 0 0 133 0 0 0 0 0 0 
0 158 0 0 158 0 0 0 0 0 0 0 0 0 117 0 0 0 0 0 0 0 0 0 0 0 0 130 0 0 0 0 0 0 0 0 0 0 0 0 0 0 0 0 0 0 0 0 0 0 0 0 0 0 0 0 0 0 0 0 0 0 0 0 103 0 0 0 0 0 0 0 0 0 0 0 0 0 0 0 0 0 0 0 117 0 0 0 0 0 0 0 0 0 0 0 0 0 0 0 0 0 0 130 0 0 0 0 0 0 0 0 0 0 0 0 0 0 0 0 0 0 0 0 0 0 0 0 
131 0 0 0 0 131 0 0 0 0 0 136 120 0 0 0 0 0 136 0 0 163 0 120 131 0 0 120 130 0 163 121 0 0 0 0 0 0 120 0 163 0 0 0 0 0 0 0 0 0 102 0 0 163 163 0 0 136 0 136 0 0 0 163 0 0 0 0 0 0 0 0 0 0 0 0 0 0 0 136 0 131 0 136 0 0 0 0 0 121 0 0 0 0 0 0 0 0 0 136 0 0 0 0 130 0 102 0 0 136 120 0 0 0 0 0 0 0 0 0 0 0 0 0 0 0 0 0 
0 0 0 0 0 0 0 0 0 0 137 0 119 0 0 0 0 0 0 0 0 0 0 0 0 0 0 0 0 0 118 0 0 0 0 0 0 0 0 0 0 0 0 0 164 0 0 0 0 0 0 164 0 0 0 0 0 0 0 0 122 0 0 0 0 119 0 0 0 0 0 0 0 0 0 0 0 0 0 0 0 0 164 0 0 0 137 0 118 0 0 0 0 0 0 0 164 0 0 0 0 0 0 0 0 0 0 0 0 0 0 0 0 0 164 164 0 0 0 0 0 0 0 0 0 0 0 0 
138 138 132 132 0 133 133 160 0 160 0 0 0 0 110 137 0 0 0 122 0 165 0 165 0 0 0 0 0 0 0 165 160 160 0 0 0 0 0 0 0 0 0 0 0 0 0 0 0 0 0 0 0 0 0 0 0 0 0 0 0 0 0 0 0 110 165 132 132 0 133 133 0 0 138 138 0 165 0 0 0 0 0 0 0 0 110 0 0 0 0 137 0 0 0 0 133 0 122 0 0 0 160 0 0 0 0 160 0 0 0 0 0 0 0 0 0 0 165 0 133 0 0 0 0 0 0 0 
162 165 0 0 0 0 0 0 0 0 165 0 139 0 0 0 0 0 0 0 137 0 0 0 0 0 0 0 0 0 0 0 120 0 0 0 0 0 0 162 0 0 0 0 0 0 0 0 0 0 0 0 0 0 0 0 0 0 0 0 0 0 0 0 0 0 0 0 0 0 0 0 0 0 0 0 0 0 0 0 0 0 0 162 139 0 0 0 0 0 0 0 0 0 0 165 137 0 120 0 0 0 0 0 0 0 0 0 0 0 0 0 0 0 0 0 0 0 0 0 0 0 120 0 0 0 0 0 
0 0 163 0 0 0 0 106 0 163 0 0 0 0 0 0 0 0 0 0 0 0 0 0 0 137 0 0 0 0 0 0 0 0 0 0 0 0 0 0 0 162 0 0 162 0 0 110 0 0 0 0 0 0 0 0 0 162 162 0 0 0 0 0 163 163 0 0 112 0 0 0 106 0 0 0 0 0 0 0 0 0 0 0 0 0 0 0 0 162 0 162 0 0 0 0 0 112 0 0 0 137 0 0 0 0 0 0 0 0 0 0 0 0 0 110 0 0 0 0 0 0 0 0 0 0 0 0 
168 0 0 140 0 140 0 0 0 0 0 0 168 0 0 168 0 0 168 0 0 168 0 0 0 0 137 107 0 0 0 125 0 140 0 0 0 168 0 0 0 0 0 0 0 0 0 0 0 0 0 0 121 0 0 0 0 0 168 0 0 0 0 0 0 0 0 0 0 0 0 0 0 0 0 140 0 0 0 0 0 0 0 107 0 0 0 168 0 168 168 168 0 0 140 0 0 0 0 0 121 125 137 0 0 0 0 0 0 0 0 0 0 0 0 0 0 0 168 0 0 0 0 140 0 0 168 0 
0 0 0 0 0 0 0 0 0 0 0 0 0 0 0 0 0 0 0 0 0 112 136 0 0 0 0 137 108 0 0 0 0 0 0 0 0 0 0 0 0 0 0 0 0 0 0 0 0 108 0 0 0 0 0 0 0 0 0 0 0 0 0 122 0 0 0 0 0 0 0 0 0 0 0 0 0 0 0 0 136 112 0 0 0 0 0 0 0 0 0 0 0 0 108 0 0 0 0 0 0 0 0 137 0 0 0 0 0 108 0 0 0 0 0 0 0 0 122 0 0 0 0 0 0 0 0 0 
0 0 0 0 0 0 0 0 0 0 124 0 0 0 0 0 0 0 0 0 0 0 0 0 0 0 0 125 137 125 0 0 0 0 0 0 0 0 0 0 0 109 0 0 0 0 0 0 0 0 0 0 0 0 0 124 0 0 0 0 0 0 0 0 0 0 0 0 0 0 0 0 0 0 0 0 0 0 0 0 0 0 0 0 0 0 125 125 0 0 0 0 0 0 0 0 0 0 0 0 0 0 0 0 137 0 0 0 0 0 0 0 0 0 0 0 0 0 0 0 0 0 0 0 0 0 0 0 
0 0 0 0 0 0 0 0 0 0 0 0 0 0 142 129 0 0 142 0 0 0 0 0 0 0 0 0 0 130 0 0 0 0 116 0 0 0 0 0 0 0 0 0 0 0 0 0 142 129 0 0 0 0 0 0 0 0 0 0 0 0 0 0 0 0 0 0 0 0 0 0 0 0 0 0 142 0 0 0 142 0 0 0 0 0 0 0 0 0 0 0 0 0 0 0 0 0 0 0 0 0 0 0 0 130 129 0 0 0 0 0 0 0 0 0 0 0 142 0 0 0 0 0 0 0 0 0 
0 0 0 0 0 0 0 0 0 0 0 113 0 0 0 0 0 131 0 143 0 0 0 143 0 0 0 0 0 0 0 0 0 0 130 0 0 0 113 0 0 0 0 0 0 0 0 0 0 0 0 0 0 0 0 0 0 0 117 0 0 130 0 0 0 0 0 0 0 0 0 0 0 0 0 0 0 0 0 0 0 0 0 0 0 0 131 0 0 0 0 0 0 0 0 0 0 0 143 143 0 0 0 0 143 0 113 0 0 0 130 0 0 0 0 0 0 0 0 0 0 0 0 0 0 0 0 0 
0 0 0 0 0 0 0 0 0 0 0 0 0 0 0 132 0 0 0 0 0 0 0 0 0 0 0 0 0 0 0 0 0 0 0 0 0 0 0 130 0 118 0 0 0 0 0 0 0 0 0 0 0 0 0 0 0 0 0 0 0 132 0 0 0 0 0 131 0 0 0 0 0 0 0 0 0 0 0 0 0 0 0 0 0 0 0 0 0 0 0 0 0 0 0 0 0 118 0 0 0 0 0 0 0 0 0 0 0 0 0 0 0 0 0 130 0 0 0 0 0 0 0 0 0 0 0 0 
127 143 0 0 0 0 0 0 0 0 0 0 0 145 0 143 0 0 0 145 0 0 0 0 0 146 146 146 115 0 0 119 0 0 0 0 143 0 0 0 143 0 0 0 130 128 0 0 0 128 0 0 127 0 0 0 0 0 127 0 0 0 0 0 0 0 0 0 0 0 0 0 0 127 0 0 143 0 0 0 0 146 0 128 0 145 0 0 0 0 0 0 0 128 0 0 0 0 0 0 0 0 0 119 0 115 0 0 0 0 0 0 0 0 0 0 0 0 143 0 0 0 0 0 0 0 0 0 
128 128 0 0 0 0 114 0 0 0 0 0 0 0 0 0 0 0 0 0 0 0 114 0 0 132 0 0 0 0 0 0 0 0 132 0 0 0 0 0 0 0 0 116 0 130 0 0 0 0 0 0 0 0 0 0 0 0 0 0 0 118 0 0 128 0 0 0 128 0 0 0 0 0 0 0 0 114 0 0 114 0 0 0 0 0 0 0 0 0 0 0 0 0 0 0 0 132 132 0 0 0 0 0 0 0 0 0 0 0 0 0 0 0 0 0 0 0 0 0 0 0 0 0 0 0 0 0 
0 0 0 0 0 0 0 0 149 0 115 0 0 0 0 0 0 0 0 0 0 0 0 0 0 0 0 0 0 0 0 0 0 0 0 0 0 0 0 0 0 0 0 0 129 0 130 0 0 0 0 115 129 0 0 0 129 135 0 0 0 0 0 0 0 0 0 0 0 0 0 0 149 115 0 0 0 0 0 0 0 0 0 0 0 0 0 0 0 0 0 149 0 0 0 0 0 0 0 0 0 0 0 0 0 129 0 0 135 0 0 0 0 0 0 0 0 0 0 0 0 0 0 0 0 0 0 0 
145 0 0 0 0 0 0 0 0 0 0 0 0 0 0 0 0 0 0 0 132 0 0 0 0 0 0 0 0 0 0 0 0 0 0 0 145 0 0 0 0 0 0 0 0 0 0 130 0 0 0 0 0 0 0 0 0 0 0 0 0 0 0 0 0 0 0 0 0 0 0 0 0 0 0 0 0 0 0 0 0 145 0 0 0 0 0 0 0 0 145 0 132 0 0 0 0 0 0 0 0 0 0 0 0 0 0 0 0 0 0 0 0 0 132 0 0 0 0 0 0 0 0 0 0 0 0 0 
150 150 0 0 151 145 0 145 0 0 0 0 0 0 0 151 119 0 0 0 0 150 0 0 0 0 0 0 0 137 117 0 0 0 0 0 0 0 0 0 0 0 0 150 0 0 0 0 0 0 0 0 0 0 0 0 0 0 0 0 0 0 0 151 0 0 0 0 0 0 0 0 0 119 0 145 0 0 145 0 0 0 117 0 0 0 0 0 0 0 0 0 0 0 119 0 0 0 0 0 0 0 0 0 0 137 0 0 0 0 150 0 0 0 150 0 0 0 0 0 0 0 0 0 0 0 0 0 
0 0 0 0 0 151 0 147 0 151 0 0 0 0 0 0 0 0 0 0 147 0 0 0 0 0 0 0 0 0 0 0 0 0 137 0 0 0 0 0 0 0 134 0 0 0 0 0 0 0 0 0 0 0 0 0 0 0 138 0 0 138 0 0 0 0 0 0 147 0 0 0 0 0 0 0 0 0 0 0 0 0 0 134 0 0 0 0 0 0 0 0 0 0 0 0 0 0 0 0 0 0 0 0 0 0 0 0 0 0 137 0 0 0 0 0 0 0 0 0 0 0 0 0 0 0 0 0 
0 0 0 0 0 0 0 0 0 0 0 0 0 0 134 125 148 0 0 0 0 0 121 0 0 0 0 0 0 0 0 0 0 0 0 0 0 0 0 137 0 0 0 0 0 0 0 134 134 0 0 135 0 0 0 135 0 0 0 137 0 0 0 0 0 0 0 0 0 0 134 125 0 0 0 121 0 0 0 0 0 0 0 148 0 0 0 148 0 0 0 0 0 0 0 0 0 0 0 134 134 0 0 0 0 0 135 0 0 0 0 135 0 134 0 137 0 0 0 0 0 0 0 0 0 0 0 0 
0 150 0 0 0 0 126 0 0 0 0 150 0 0 0 0 0 0 0 0 0 0 150 0 149 0 0 0 0 0 0 0 0 0 0 0 150 0 0 0 0 0 0 0 137 0 0 0 0 0 0 126 0 0 0 0 0 150 0 0 0 0 0 121 0 0 0 0 0 0 0 0 0 0 0 0 149 0 0 0 0 0 0 0 0 0 0 0 0 0 0 0 0 0 0 0 0 0 150 0 126 0 0 0 0 0 0 0 0 0 0 0 0 0 0 0 0 0 0 0 137 149 0 0 0 0 0 0 
0 0 0 0 0 0 0 0 0 0 0 0 0 0 0 0 0 0 0 0 0 0 0 0 0 0 0 0 0 0 0 121 0 0 0 0 0 0 0 0 0 0 0 125 0 137 0 0 0 0 0 0 0 0 0 0 137 0 0 0 0 0 0 0 0 0 0 0 0 0 0 0 0 0 0 0 0 0 0 0 0 0 0 0 0 0 121 0 0 0 0 0 0 0 0 0 0 0 125 0 0 0 0 0 0 0 0 0 0 0 0 0 0 0 0 0 0 0 0 0 0 0 0 0 0 0 0 0 
0 126 0 0 0 138 0 0 0 0 0 0 140 0 0 0 0 0 0 0 0 0 0 0 140 0 0 126 0 0 0 0 0 0 0 0 140 0 0 0 0 0 0 0 0 0 137 0 0 0 0 0 0 0 0 0 0 0 0 0 0 0 0 0 0 0 0 0 137 0 0 0 0 0 0 138 0 0 0 0 0 0 138 0 0 0 0 0 0 0 0 0 0 0 0 0 126 0 0 0 0 0 0 0 0 0 0 0 140 0 0 0 0 0 0 0 0 0 0 0 0 0 0 0 0 0 0 0 
0 0 152 0 0 152 0 152 0 0 0 152 0 0 0 0 125 0 0 0 0 0 0 0 0 0 0 0 0 0 0 0 0 152 0 0 152 0 0 0 0 0 0 0 0 0 0 137 0 152 125 0 0 0 152 0 0 0 0 0 0 0 0 0 0 0 0 0 0 0 0 0 0 0 0 0 0 0 0 0 0 0 0 0 0 0 0 152 0 0 0 152 0 0 0 0 0 0 0 0 0 0 0 152 0 0 0 0 0 0 0 0 0 0 0 0 0 0 0 0 0 0 0 0 0 0 0 0 
