3500525252233500350025003500002300000053000000000032350023003523000023520000525252000000002335002353003500533532530000002300350000000000000052000000002353353500230053350000232323005300002352520000000035000000353500000000530035005253255335532300350025350052
0043525442424352345200350054005232002532522525000000244500240000245252000042003542424354000024523500003500005235524254000035002300525200523200254254000000002435000000002424542552000024520035004242000000005252350000000035000032003400432524350052340000000025
0000525342004243004335420000003524424224244242002452002400002425532552434232524300524342240023352542003500520052420043420024003500000042422442420052430024005200322554240024232535244225353242235200434232000000424252320035530053004234543500350000004200240035
0000535343324323433523255242245252342442452554454254254254240034000000004323434543005442244324325200254300520042234342542545533523522324234342524245544352002524425445345424005423245200422400454300432500434200250043434345530052255223452552002300352423420000
2323525323243245242435323435424334424224004300002400433400430025000000242352230000005423244232003442420000005442354224524300540024342442322523354342433524344200000043340000243425000054430043005224000000002400452300002300002452544224420054004234240000353543
0000545442232434455225003245002343340043423524530052000035342335352424005432004200543435525300434252254243000000244200433542540024322324544345322325344200233235430000002435242552003200325335240000420034523524253254230034005225244232430043002400420000525424
0000325454004335345223430054452300000023343243000035254324003254242300320000004223430032000043533435424300453400005300430000544324340045002354342342235400430000450054353434230000354332423445520000000043243443002400422300343400430023434254002300353543240043
2500525242233532542525423554000052240035000000453432240023525454425235000042240053425335524500250052350045520000003500355300242500000024320024535423004200000000353200002452000000002352004545522542005425000024520024520042000035540000000024452300005400003525
0000525442424534344200350043005435234252000000005435244223320042235242422400004235000045322442520000004235350043235300235424002325240000240042242300000000450025230054420032324224523532004224000042244200545252242343000042004500000025540024000035000000242400
3500525342004243000035453200002453000023434223005432240032452442324254424543003500450024000042004242000052435400002400343224245400355400005424004500002300242400233232000045544245420042244200423400004300435424424200325235004200340000543200000035003424352300
2500535343004323433523255224420000240052242525422400524224254252004242432542002300343200002532524200434300254324005323243452420000005235240000250024002424322400000000424252520000423443254223420043000023242525250043420042430053430052235252420035340024000000
0000005323245253242432540035422445255434344254000043542442450000424324454524004335525224425252254242452400545300245423352323004245235452422452543534540024000042520000005245454243252445245252432345545424342400000000000043004225532452524200424245240035353400
0035545423232434422335004554003443000000003553430034000000234300340045242300002300340043423442434224454332325400540054243523005423432334004243004300543500232300004242353500432434432423000054424223340034000000000000002300243554452300004242435443432323000000
0000545454000054350043000000000035003500003500000035005400000000005454000054000000000000530043344500430000354545355453543500543554000000000000430035005454000000003500454334000054540000000035540043433500000000353554353435000054003535000000434354540000000000
0000525321353113522331000000000000130035251200312135253221001300001300321300235300002323215200135231131331310012000013003100133500325235000000000000002131131235002113351252530013131300120000130000312323003121520000003200310012523535311200123112133100002100
0025241342003124133142325252310035313432000024432435240053420023233200002441230024242432133531430031430000210032324200315252350000132341420052230024005300213524422300353200434300232300310043000024243500343132322343310000410021324243523113433143234334002300
3425003500144353311300124241424352520025344234233435320035245442233214412413242434133200134100001331522400523235234545431331434224250032002442344232522413343154002343353200412414322131000052242413310013003224254145310000345212211241433143322423523254210034
0000003113121331131313001345435143244342532423452335235442515452524524425454151513521325455152135224355243132442452513130031542413431324134213154354434243155354232123352324455254521542255454524225135213542413452325521315135413424552421324543145135443451524
0015151551131542215151310000313400150054544224132431230013354513544342520045155215245342511521544335425324423124524200230034155100545100253100451331132113455434243124541331523500433442004512341542430034430024240000152342155253005342544243510035002131340000
0000535253312415524351253553523125151331541324432413312135213135153500514242233431415252344235135213542542241342532441432513255135522400155152133134152551315415243513315253003541005135314352134352314221543451352524312515524200410035254313421324005253233500
3113525254413100152442251513343242135151541354311554233451135223355153152435434235311515424231411314423451134324004324123415255124155343523123134334152515525415323151313223423113513551130025354200344231431534241334523151130043432413001315542141132400421525
0000355341413514522431534235000035414200253231315435230053541335413254353500005200411335133543432100000042540031342100003442145352003100540042253514351353002141003542543200422343005352143500000000420000425432230000000042310034520032523524320054133531240043
0035005300212124523142535235411335003415433225415435355152001500000015420023210023425100530024320035213152234324521213135313004252154235523435354335150024325225353515514154452341510025004200003200520043235443004225131200234300325242244542315242323432525300
1500005424145300311241004200423552521352341515411335510000524100253200242441241525325243543200002442232423344312232141455252523152434300425243255235545235140041413515000024250000345225522351435225422443153213245100412400452123003441434323214251424142004143
0035540013121331131313451352432543524342534223522335230025522442255424452415245151130042412524422454244513135454134531131300424342314325322443423552435153422352233523542425250051245224421542241324421342321425450024521324240013001315243413315100435343004200
4500530000131342311300313524324200213143544324432442341534353443544254122400210052153524544224002445000032002300132100001335131343244314520041510042004354532442244234343435232435241200423443544315132142244542545225542442001532002413000000003200313131000000
0000523252511515314535145231525442421331545324311315524323003115153534432443135125144331541354452513515124124224523531520000251452311513155243231331134354252415154131432434515412355213451543525134511452524352344254433531134254324200153552352313421515151531
0000535343454100533500001335410041004541540000310035540043000053000034000035340000000000353114001300543113343143450041001441005300004300005400415313533454000031000054310035133500004335413500000041001313004141534131410000000031410045450054004313130045000000
0000532121130032211352133552005352315213003100215231355300520000153135150025155313130000131300210013215115125300530021001221005113313535002500535200210052213213322152001552530013351315135325252115325221131300000051352132005331312100350021000021000013000000
1524540021122421004115254100314131314300432452215212422552321341001315243525535213310031215415215412325313515145242152243135455252355214133200352415423431134324422141154252524215133113142454251231542141415153532154131300524124250021241221541215511515150035
0021540024242145131400150053000035135124312451214114414542004241522413240025511331433415522415213225134341212424323413214215135313414300435154410000005141241524002141131500424142415224352400253154451331001524522125325123243443245421543115421231451300215124
0031545454511552152515151552155215541554155415511552155215524554455445542552255225521554155442242115422454541215005442511315435252251513155215521552155415541554155115521552155245544554455425522552255215541554241542145442155415541552522551155245455413541554
0000535223520014004132253131524225420000230032510013534113421342001554132452244500423542133454314334152341132525435252214215523400434331250052410042134213311351005323510041154221422512545124352445314213423415525225524352154252001334134343311500412100250000
0000545112431242002431154531341343415442130000134113211331213241004254352431514213005145214200000014001534340000153412424213411542002453323531514313234100420021543123351321241324413142544224125113150031452142343142420042004200414200000000131334132421001213
4500321551004324454200232151521552520015354100153451005413233115421354411200215113423400515225452531155200525315133221134243432534254251131342511413152300243141245151343431341331321500544115435143512524515213214551154343524313421513421532155224540015005100
2112005341140000215424412512212342004241313132215200005413211331133141352425420023313541143214421313235323412143243531450034422431130032435331004154233435131421520031003500322300131341132500530034245300313423435313002100210042310041353143344231413513232300
1200354500122421540034312414214221134331432415214100422452520023003534245325241543521553005113412441242354323415133532231314131345212321214100312400133100242121000042525224000042150024322551005435523200241515001324005413233115134323532100235131412424002421
3515452524242145130054005431540000455124132400210054133542544241522400245425353132003241531554235424232113001345135413234521005454545413150054211200312454240021000000544243425152244524532545135315325441421535241323232423230031541324355415151354540024245200
4554545454511552152515151552155215541554155415511552155215524554455445542552255225524215455452245454525252251515512415542515135125135125132431521554455415541551155215521552455445544554255225522552155145155442242424545452152552541551155152251552545415151551
0000325213533114134131125100254221420000001335133113314131420042531254532400244521422342455400354200513442434224150014210000140013141334132500000042002500130013212131415342314215355431240024451342134213355454544532000034514200004200001451004121214225000052
0041005345423123310035212442345200410042125125133552135251131341314254432413341514210045134225132500421235544331413400520052005100350024531552311314154212133434310000310013004100425452241252311300004500423100135231314213353113433531432100242453141300410000
0000355313141341003414310035134300435300344143313553004300431353311354413100003435533131340034450031133141431300531300000043354300140000130035004331131313414300533100310031000013315441134335434300530000131345310013435335410000350034533434000000131313350000
0000525313513212252531153515002135130051001552313100002323125351213553250052230035131512005313132323001500235232132313320000003131311525355232003513003531005100251500255252002113001200155315125100320023233513132100510000213100123100253535000023235352001500
0000530042522424454325253124313100353525133513524324243123233443122421135452004112311335004324243123232435131254434231315245002100340031352113424521215235352413132425532534434321005212431353310043242445232334351212352413125300003443003235242435232300314300
0035525324244242242415542525311300345113350035242443242453232334540043001535514351154515242451242454232315155151450035451554430015131324155315542442232324422324245224252515543553353100434551352424512424152323535154454351351545351551532424412424002323153500
2300545445255454454554545252255252522552355454355454355454355353355252255252355252355454355454355454355353355252255252355252155215543552521554355454544524545445545454452552522552525225523554543554543554543553533552522552523552523554543554543554543553531551
0000005412001323310051212453454524424242514213005253001512001325153453434312424221424251353113513535155353153413434315424251424253413515154242523535545115521523153554121324524545244242423142535100000051251553353534534343154242514242133113151535255252535400
3513005200244313215454513100245353121345454215423515411551144200353100212525344243431342422525003235312153230051230052230043431542425131511323424243131515545341353100541543152441123523454542004223311400002151232332000053350000434300424253513415155315434300
3100355400422400125335355413000000532143000031453545005231321315435424142500523521451534344343315354455400525451125413004313211515004343543513133243431551150035353151213154313100143542000000544515451554005454531335234525131553151553511343435300000000003535
1500520024135343252542005300003524132151315200353500252323411341143114250000543141231531530035002323151513131341211242213452510025312313313513135251415315003215312431355125252300152313154513210013235121130023231412141300003100003151233135311331520023231515
3125540042522424313125254553540024510012155315422424243523232531511435352335135453001553231324241323233151135431315415454513144314152323133125525251423515523524450000242454252554003100235423212431543253242400232335154551351513355415151313515313242442230023
0035520024244242242413312525545335350053004514242441242414232335000054003131313531355400242413242413232313531300135313001313003524243252341535353142425342543542352424522424251325355400543414533113132424412424352323151313511313003100133553532424132400244134
5300545445255454454554545252255252522552355454355454355454355353355252255252355252355454355454355454355353355252255252355252545415523513414313523223234242254554544554545445542552522552525225523554543554543554543553533552522552523552523554543554355453533552
3143525451521313315215252400454524424242314251155115211525002523353413434313424225424252153135355331525353353412434352424225424232311542135213545443453452434315511325523154133124514545244242423542153115521552513253313234534343534242254242523535353525355252
4242530041132142311454422152240000003545454231425413340014245115135300355115241543433542424215353512315243313551134353344243433142424200354113420053153531514113245100525242541553002452002100454542154251003542314115453131421531311413434313424243241335120000
3100434354131351154154315443004315153113133131451545531400135113151351133451310031513113314343413551004515433515150013153100431300134343410015510043133513151451153113315343434154001554314315130015134513455115154300311313133145510051510013003443433115151545
0000005251121200310031355235313553520012535121000000000000151521120053351225210015352312000000121515131352510015005112151221312153532100515331350021511200003500350052003552000023001200002300125100250021001515521515520021253521003531315200002300231313120000
1500005312422342425221155151423121523541544513351251123531541515001545242415452154212332154351152342211313324213213112544554452154513100523532241500313135423535231212214213544215155254432115151442241523312115152142542442541551130051311554415400003113130045
0000000054134242244243423100243142123142311252353500431345511315153454311224522454120000004224322453004513132445412525354354350012230013122442124500005213132443132423424231423131421224423112525400544324233224151514354125134100255235253213233500000031131331
0023130052535400424325433443000000234142004100454125005135352152151500542124453142523142543124453142253154131324242100250052252421004234233145004343002554420034243552003545430043540041420041004241242451242321421515240021252431523431435431452531252500001313
0000520032524135141343355300001400003523234252241335001354323521154224541215152500534141544531311400004531141434351413132454244231521435430031312524232525325441521323234200130000005221000043005414455454543131211445242414151535000041350014311424353500000014
1300521543004243121531523223353552141435152431434200005253542141245252425134430025351515153531312152000023521313255214252413001313413543230034141434241315003141145442525335421521545225431552352152351300005400312414133152251323355215153531241352000052133113
3100355342000000413143140042451300004214511531000035415124435400155315424341340000212100355154151500144200003442233454421553121552005431131331251415001515313151353551354141243541340000420054004253254200232354310013153413544215001352431400151515134331314100
0000005253524212121535355231134300255115433131000000540035151531155200002341355454515215310013320000131325431412134331005343005145004131151435521313350051125125313100355400000052150000151543001400431414430013351515230051150031435231314115310000130025351313
0013525332423141434243350053421452525235530035125221355200211515313154410000155212531335421215123541141313313113004353250000001335133521131313350041000031245343525252523252000031004235255215311531000035351200312415153100002135001352435225131235141300003113
3500003543004243002100431223212142124242421252545343422400413515152531515121312125424225535243451243531313131313152415121231151351245100313121353500002421123100235343434342454100122421425231425212521512003154455253151554151531131331244215421212430015510031
0000120052005324423225243434422325354142434142434154005142002124151525342134243152243142453152423152433125131324252125230043455431525252541531131534341313532442520032003525354224542345252541425241424341004351520021421515250021002431522531423142434331521313
0000531343244100141445422554345242353100534235004300350054244121241524351415151435254231314100314242144131141434345413130000515125000042424215001531231354522313134241144531343514432424230021355341430042520031543141211442243514151514255341313141524100353142
0042005412533113002324523545350031424500213500433153351400542400243115135223352431001515422121233100424121001335003113131331241313533153004242421431511254520042251535433535230024341435343535000000530031004142235421512400214125352400001315151300311342130000
0000534315154314143100353543001331135441311313003500005314005415001551143114413551003134341441151500340041000013000031001400000015130015131300434341001515431441004100351400141313533100000035130013000015001400344154135431141514000000000051001331001515004100
3500530000352125212135312131000035001353003213520000000000000052003100001200003100353500150035003553000015150000000000532100230000521313213100135200000031003100000031003200355200001532350000153500000000000032520000000031003531212152000000002300150015151500
0035005324142424130024230021000021353500002100421241210000233500004200005200422352313200132300125223133100151521001224532435352531352441313535002121412321215300000013000000421332430000004212002300322100231332534242002352002424533112324324000021003500351515
1535543524345313242421241531245331353124353131252445425412135231122135423554423543524224453132245345421253241515543154423124120024520013001224240054242452321515321213311331213545254521355224454554352441122313324124454224244212315231544341241213310052210015
1515541515005414242421135415001500540015002454000000313145004534425342230041320041240041432451354521002443430015152300345242540045510041242415425454151300514241000041452400003415241332243500422324323254233545140042545400410031414252412413510000433400004200
4325515200212454542100151500120021005234001515212300155121132300252443534352005442525214313153543554213535213124250023251515414535315454312115525242525115350000425224151515233415525452004224541343522441410025003535004500212525002154454152523131520025000000
0015155454421554211531233131541342210000413454000015243554351424000000512335354115004241413100005400002400241432141400000000001321151554311313310042424541150032540043415400123532350042544115422124003542143100003531005414242154131331510023004242142341002314
3100000000132441002453001200002400154300313253313452525235543512353554132100120023233152450035520054355431250031254515252535241352310000515215150000324141253131534152532331352142354553524224543545351300004115150021351434001535353552140012005254414114123153
1515000054001224212100313554453212150031315215425200314243412552004554003100142445003132004100001243252415153413513414155400131500314300313553433100151442232131522124004254002500004500540042431500520013003115541200520015210000513115004135004500433115000045
0015511521142424422113001200001200414332312512432145425224433131524253525254000053210012134521352434432151151535351552121200310031150013003115151532215424004524141341000024410000210000005153514352212143523152250031422442310052003535155212310015353521150000
3531543524241524251342525215421552425324354524234235141241422335215342425142425452525352544514001224531212151515151200214245433553152121533131352435544521245252355215141212122400005335512325355454004321352442004254321245214232214215153553424300245312213100
1515545400542431120021214542423143144245242415352315425254435442355152514341004241254241524351540021450015454215155453455213411554542552510024513115245400151513414231423154454542003254140052352523545224150000154325425442425423414200412351525442215415154525
0025520014151500343443253100004141005454413514003153153545420000004100534223312435412125422143540000210000212100425200001515420024000000544200312400002315130053131515415141003200354515453114544225143512415221340000003241244242350054452121135442534151340000
2500000041520013001431153153210052005231353531003113251352003541522525543114411554243554355341005415352424215251155243411515142541151513531334410054253552000035315221310013522115413131310035345335410013544200425215005435453100454354545225152152154225150014
0000005313150041153131353435511300134113430031151400000000134334340041000031533451515100003500003154543435000000411500435334350000000015000015153415150000004313343100430054350041151513310000000013001500005100450043410013000000000000340034410000144300433400
0000523112000000312125213500310023530051131200001200002300230021002500000031523121000000310031003200001252000000002325000013000015532331131200002312210021350000210031002100350035513100530021232332000000510000000000210031210000003200000000000000150000002100
2300520042134324342415350015243131525232525252423554425431245214323500520000245141150023523215150051451315434254240000313112213154005131215224422452244252152400122334001553513552122512345454003132134252510015152412002423135221005112450000120031003124253231
4521525142244224131235515400213121122141414542424243005442212315413541253441525200241551310042453200132353531421420021525400524200003453241524422442524124454154532143211521153524324145234252522100324232454154131554544323542100415252354200152142341400005421
0000535443544323433523455415540024002542520052004141425424214552522425135115522442425235003113534224425235541215542143152342520042425453543554233543544543155354235423242321243552512441155224434141155241424215525252243554510035525200424254421551004315240024
0000125300240000243500230035240024210000004242004200145443000014144242531314150042524141420031541231413541420034430024001500314143004143002400003200002100005400242424243451000014004235342300420000151353425241415442424235003532000042422541410043002400240000
1500355445002432312431315413245452150021003500454231423132535300520000414100132335004241230043235300420000313242243200000052002335152124002100121324420000315454245432351531313152000024420000350041002351003241410035004242433200314514134242521554525400130000
0012525254003514004200001435520000244151123121231335412341524121003543520014005231001415412425322100313243315435424335410024234124140024533235345142000041315435232513314113132125244225001341352124233525135300422100215252414131420023520032434342000041003100
0000524542430023002121423531005443212100542445003154000000541543005221233543000021410024242324320042001351423551001242242452542112543131150031421215234532212414000035320054345400343223430034242413240031231334522442000000424321243542310043004231004212350000
0000520042544324342300351345002454313154153200350013005321213513242432421223540032541424343112310045004512313145535424434124214200534331001500315445432424004200000000153545353200242300425454001400132421531334210042004100542441313500004100003131455332434323
2531520042244254000035133224005200002132122300410015242400213454130000144542420035544500130052254200002312234223542300242421003513421231213112215224540000002100452300350025525424413232123145130054242100122400323100524254510000000031230023231325132321144121
0000535443314323433523540031420024421524524142005454155452232115520052250000134342232523322453154224452400244224455434341200001500232443422421544523435354232324311221243532240041525200424142325424001354352342322542130042435223001452242400140024242500342400
0000005300242121243231231335345342240041323541524331001424004223252442004113311424244334000042241224432400240000432300000052422424000034245142240000355424142315341413435431004100353241420045344341000024002124004341254200244100422424004352242414002114000000
0000005454542423311431455252001435314131213541000042341521143434422331004300245421003100005400144154425400350024350000351354344242005400511412124321540024213153353132000035001521313135413143310000140034341200522400215431450054540042135434354224000000353500
0000000054141331313151310000434300135415311513000035544300315114150043313431540013000031000051000031310043540000000000313115130000434300350051544343545400003131151500004115540000003100001300350000001500000034433443001300001500005100514300340000430051130013
0021350023253100523531353153520000251312320012000035003232135313000052213521525353533100210031525300003523000000230000130023001332213512132512000023133100002500313552003153315331525325535313310013133552000000005352215200353531530053352325230000230000350000
0035143400323112133142005231313443310032004241004535210023424121255452244223520043523431521523325242240053152413233131242521005453214224524352244523323534233200210000134231521200343143002551515223003515004323232423004300421315535324342400212421320031210024
0000003500235345314313004221423552320032354200433435541232242441132421244200422342323142543241002442424214131413002424240000002431340000421443244235535445322432453213001331423142425224003513243123413532545424543213320000121342243124002424242100522442243500
0000525413521331131313241352432543004342534223452335232424454254542452252514422543214241004254421312214542432554342423521324130025255231521441520015421354521342134213421331130043244342432453542315233523544552255221425245215442544324542454522524255443154500
0000530042132341005400313514524200530000544224422434340000351354452424004214153443005252410000413441004224514354240015543142243452001300421541000042250043002542234231422545003400315154004354132400240000151435344300413441410000544554000024543442001500000025
2100000024314152212152000000001543420031540024410041512325000014143500005200410015150032434315001313145151425451000000523400314223134300000043353452154134002452514134415141250000002500003154002425000051130000212500350051002113000000243215002300524300340015
0025543521002424234235314200232500525241540000313214140052133521002552001235413200000052234152002151002100211243212300132342240015430031212112005200004154312500004115001425521214350000252154140031000015002414120000255224213553233400511524425213130041002400
3500545224242415521331415424423500001542423521533535420052544224001231004213421535455400524124134224002431125424433254352400004221315434213532534552412514525200213100245153353141422454211313350000211334213513122442243400425431153153243552211542423134000024
1515545454423100133142145235155141003251244142230035001341144253411500423223411543255121543142542524423131540043000014420015240023412412125123004524234313232443422431523151530034525445130035002435005413510014135445234223002141005400002431314300514542140013
0000005200005343310051524215423252315435452400154335320051235225430013245243412432243500323214344252002343150013001352135441542554211221244345342400002434000034003142155242525231315341002354353213522500005131002432242524433200215254522313001513123515134321
0035525113421331131313211342432543424324535223002335235445240015422452005224422413134115521342421224434252255235512152004234532452242413451324255224001513132113135231514300424343425354235123352324452142155124152424244213522413421324420042255200002142240053
0000530042135241515435313114154200145141545324412400133435355354001542344154421242515353152542244242423415424354423515134324425454214252543435543123425254525135133553411515522141005442243124340034133535544254345453152554425243240042533442124224435452354535
0000525252524152411525352300312152410031540024232100000021310052213500154300135241424334255452524200454143003143522142545135155443232500434200242300155241433141511223210034522141315421244100001325213123350035435324210000005445422300514115544342433121004323
0015005343414141144154355354000013134115545454311335343100135435354131311335535300411443530053514143430053001534003141004335005414003113155454435335131551410035543435430054350041345435533100145400540035315331345415351335133554530043535100130035344313540013
2100005321001521213121230052001325323100153500215251510000230013131331002325530021121313310000003521122323231323000015535213311331120000320013000031001513355131230021002100211225130000135112131221521313320023000000133121312500002112351232135213002113232300
0051545121542421542415212151244132311545352453215253425452521300000054243525541551311343323153241524242445241321211513230000422552521345000045125131311351525415245324215413243151455335531325244321421542245242151315541324132554135112134500454124412424233421
0021540024242114135454151431535100514124002451213515410042004243522415245325355151153251002442242424002400242415321423235324512142354242325252311342355113512441542400211451153500530031342451241521311445004251424152241524532531150035324300243224242431242323
0000545454511552152515151552155215541554155415511552155215524554455445542552255225521554455454544554155454252115242442241354135213214352424242424252524554153554155415511552155215521554155415541551155215521552455445544554255225522552155445545424422424241554
0000520012000014134121350000004200420012525335513123324123425242150054002421244500421342250021350053533434002424133421004221533400430025134343434543434242521300510013002331524100425242250053152513232300412142234221125400245324452342004221542534242442323552
0042005142524523540000002500532500411542524543543500545342155241434254542452355235512445244213153553151554545335245321543125455252341515133131351553515252434342510024355200523542003441434234255454255354525415344100425442243554531551544524425454155123154542
0041004200244342312114520024005215233252354141000052355221324213425354415251004234423435003515455353230000002452341323145213150000414213000000000035003100424252244253350053423143254223002453413400520035230043355323005441004331521315343553250045241313230000
0000005425433224214200145341355452430021454321215212244300430045410043350025411323433543005335002413210054002331544115005300432153510021410023005213000000005441424300433121001443243534432152131300315441150000541321253500315321000041351435535421215400002100
2313340051242421420012410000005331344300242423212413424252150053351331245325541353351351003524322421210024232353531523002354520025241300242352521500423513131513211241243235215413535324212313314253523535531500542415255213541335005300212100243400120024000023
1500255424242100131545004531005100315424542454213100153542434213522413241525511531535131545124242442542424151532241524135313342442525424325135124242213543512421005400455400415100242454132131130000421542515224512435255331430015532424322400151521241342242413
2415545454511552152515151552155215541554155415511552155215524554455445542552255225521515545454155224244215212400244252212354522512244242521342155445434354541515511515522552155454151554155115521552155245544554455425522525521554541554155242245400002424004551
0000000012000014314151520052004200422552250000130021314115420042133154002400244500420042131200545431423454455431133424454214135445254221414241524552231552310021000014321342254200000051002152210041314215423100540024241342000042001331002412424554543113313400
1315000023324323003123532142134224412442524200545315353152352341534254352435153513310045134253425200230041351253241353213500422452341313435313435442154231344313525352211445524152425254003435354221132153411342542415133535534553534234135200004241130013232300
0015540000141345543154350053144334431515354143413151155354314113315154415335130013130000001513451443431313511451433435315334135341354300531300310013134315415351313443534115005143314341430013340034413100513154134135315331150015533513451313415113435454131335
1300520053130031252535353513533151120031005300002300532323000013211512150000130013535153131331002323230000131313131300535113311535133153000035211552002100311525353513252535005300000013000012005312003100151523231331005113000032233123310000000013001323231313
0000530042522424000025253535313123323142230024321324241323233453132331004300005100233131131324241423230000002335123200351515530032005332122400313124004235142352352424130031251525310000133513134323134200242435232323135223132413244215000013003200242431232313
1515520024244242242413312525545313355445544331242445242400232354351300533100135431530035242453242400232354005100355343451515133135354124354142242152132324421324244223232431242525313113353553543100532424432424542323540054415413313153453551132424412424002323
0000545445255454454554545252255252522552355454355454355454355353355252255252355252355454355454355454355353355252255252355252155215541552155424354354544521545445242454455454542552522552525225523554543554543554543553533552522552523552523554543554543554540000
2500525452535253352115252425454524424242214251125100001323351323253423434325424200424200153100000031311313323451434313424251424213420013544215131515241515355454155252511554155224254545244242421242351513135223530013535234234343134242134242312500005131000000
0000525342534324421454343535240013533445454231421343543525143400543512242123315343433542425231001335001353315342132321135243432142422341313113425435001300353515153153424231543431422453315313454542434235142100423535535431420053000013434324424200350000351453
3535520042244100125242005435350031232113230000452145343100000032001424144200310051313231234343430023121315523154244525151324431554234343231323210041000023002535233100001341421354001243001331231300314554453113351342131300310042132131145253231343435300151513
0000525441004215252545434100135434322413353534132553532323135213544152521553430031151413411300142323351543512443143535540000132413001432243452531352541224532435350031133515252541511535432413532115125300000023233231154135350054134132312453425313003523230000
3115151542522424435225252552513124130042130034001324241523233100411200124343133152131331155124240023235254002315151213351554153552005400154552154331344224421312001351312424252500001314133154131531311245242413232352425353311352133524124251353543242400232300
0015520024244242242414412525544100005353004551242431242435232313351500431343310000514313242400242400232354410000000000433115131500004135313523234231540000421343534324242424522525353553513513000015002424432424312323514345130013544113000043452424002424152323
5353545445255454454554545252255252522552355454355454355454355353355252255252355252355454355454355454355353355252255252355252155235525235545452155223455213133545545454542554545245522552525225523554543554543554543553533552522552523552523554543554543554543500
0000005453002100005235352435454524424242324200003113005223000031003413434300424223424200530013515331002300313421434315424253424215420043430035244235423113425300003154353535130024452545244242423142000021000023233223235234134343514242154242000031002131001552
1543155154521321151554431313240015232345454245423151143100433225152112312331542143431542422313001254253113345252001331131343435142420042131415131513415143002543121525130000542534002451312135454542344215541452145431412312432313311313434315424254255213001315
1500533500545341153100355435311454133113350051451345533100145134451554314354135315351314354343001453431513151351414115310000133113134343134113155353001514133151145343351314003154001334135113511351004551453500314114310054134531000013351300151443431515410015
1515150023211212212131525251001513310032002300120023130013151500001552000023005215001212311312120000131315320015151315132112311351000015311200000000002100232121000000311500230052135223001200000051130000230000211515155200311231005113001300230023001500151313
1315545412232424424331315141425131521554354115543542123221131515311315144252155231415315434215124242001313313541153124252552314313515323132121432354315424243123132335215413353123544221425213451315151412315423005315151515421515451223525451541225215335230013
1313525424244235532142231223522142121242313552152535544243452115152531120013414213413513520035421245454513133153542424121231314112542124545224530052242412140054125435311313542121242121421241421200520012544515353525151525353141241231451342245412425435000053
0000545443232324422400244524420042004142424124324100005124432124151525252142253152423152003143323145433100131324242125230042420024544200243100435454154200004552230042000024343424240000000041422341420041004351242521241515252421252531432431524231234242000000
0025535454542114351443545252533545354235244542255345543154141321141424521415154300254241354252315142525131141434242413131525244245321400421325525313533152425423524225544535545435355235522554233142355245321414541413211414242414151514535113235442415225454500
0012005324135313122121210000424251001413412400004331151521540031243535352142001431121515410000414200154142131424120013143413001313435141142343311542232121144241240042411321510000352124421442131500314315420041315400312414002300001200231415152100244100420024
0015544300000054242445212152513542422514521515533151540035515400525224003100234151315243250015151513431551144353530042522552150013532514131315151424244235211431425215544352130024140052211543154115130031522143001554125114155252312415432534001415131515142141
0000000000002424002424235212514114004141311542003515001213151513541343422423211313002400421552153100131323521521211224004242524214311551250000242412152400413113210041425313344252215435004215351312533224120041211515313145002324414114535200001331121224001313
1335525254540054545415532521424552523513315212524252153231431515355254542441131314312515130043254232241313343443143100451231454242422452525454315154134252522453153135153542253452424221125213413115544352452442531315152154141331152515003131425300541542422113
1313535242422335353524245323520042254242121252414543414335452115151254422113121224533500131425002400434513132300002521000012422514414141234242211313003224434242151212122453524121244241421242421253520054004112254324151525130014251200001235001243350054004345
0000131354434242245400540035353442354100424142424135005124252100151524452143243145423153243154003152253124131324242125535334314242315453002452424335541521421313424224454245242442232553425341424241425241003451244321241515252421002531425231420031420031250000
5200520000521452414135312535523523534125532341534242241454511321245224521415155225351445350013211400144131145434242513135325251325454524311313314241242300521341143141412454422414524252525241355242453542425451541415211414242514151525250045415242212445520000
1500431342002342134224000013141243240014130031525431454531545413242100410042140000431515002425151531005100231434310000143415141313542300002315003414421523231342001354520014310045002142414243425100424525004542315400002434155113141400131315155424434500001542
0041000014004331144100415100003431433115001500000041130013515454003100000000154113133154140000151500001415001500155100000031000014001514131313001300141441000015004100131541130054510000154315431543140041003100004154000000310013003100001300140000001515000000
1515000000001500210000000000002152511200520000150000001515001252000000005200001500002100000025120025525115150000000000152115000000122100000025000000000000005215002152000000000015000012001500000000000012000015000000525125210000000000001500155215001500000025
0015152500002415212100152554212500254152425241000051000000002112424200125200410054000000140015240042002141151521000024255100005224121245141512002112152521000024411515154121001252001500004200001200122152524200001552145442000052002500001500000000410000140015
0014151524212424000014002414001400522121004242410000002524001200214242422542421221521252211400000024004221241515241400212125245200422542425224004214244200240000212100240000151500424200250000420024425242254141420000004121004224214200005200120000210025250000
0000545424241515152524002500005224540042005100424524245252525415425224424541544541425441454151541521245412455415152424245415000024420041244542422415455425455424002415522151005200002442420000540045152442424200125245540000242400410000412515415442242415000000
0000545412002124542524251521242112410000004200245441125200424242140045425245000000152142005100542400210000214224242400001515245100255442000054154541141512240054001554210042212124410000004541002114005152004542450042421424000000000024000012001414004200000000
0000000024144214141452245424000000254225001400410000150042410041414100000042410024002525004554005400002400545414450051521400001400151515004100151500525415004200002400002424144100000000005224002112000000154100004100544542520025140000002515254200000000450000
0000540000150000422400244221002400240000450051000012210000004500000021000000544114240000001500000054001515000000151212000042000000001512000015150000210042210024420024540000150012000000540054421500214512000000001500000000244142000024512415000000450012000000
1515525200005254255445240014422400525100000021522400004200001252541500151200001400121500005221250000002515151500000000424200004100520025254200002400005421544200541245005100121500214525002100005441152512254500002121522400000052144224520012210000120000004500
0015150042422452425425520014000041252142241254000041210000452112424200005200452115150042542412411524002121151521001225215245455200242442002154452525240012000021411221450051002442240024000021001224002400154224240014120042210052144221412442004200120042000021
1500151514214141144242000042121454525400004200455400211224120000004545422524421221520014004515244254540015541515145400450052422424420024004214245451151500544515240000420054001400544500242500240024451200545400450000155442004215544254415200004100451542244500
0000005415150015520000414151004145000042250000415425540000450045000024240041541541420041001451000021420000520015150000512114144142540042001400412500152500005400151500000045000000002414001400140000000051455200000000120000004200410000410000412500515400254500
0000000000000000212142210021000000001412004212140012000000000000145400000000002100002145005200541200210045210042000054001515120000124100004124151524000000150021150000000000000054000000002100000021000052000000420000000045000000450000000024002525002400000000
0000005212152454152415244200521500001200214215414200514200520000251500000024520024000012252500415400452400212115004221000000000042151545140051140000000025541515150000155100002500000024000000241200520000004100000042210000520000001500240014140024000012000000
0000000054414554155400000051410041005415450000450000450015451441000000540000540041001414004500000054005454000000540000410000000000004500000015151500140000000000000000000014000015540000005400150015451541000000005400004100000041001400000000140000000000004500
