19 3 4 8 4 
10 3 2 3 2 
12 3 4 2 3 
13 3 3 4 3 
12 3 5 2 2 
11 2 5 2 2 
13 2 5 3 3 
17 3 5 4 5 
15 3 4 4 4 
14 3 4 4 3 
16 3 6 4 3 
14 3 4 3 4 
8 3 2 2 1 
10 2 4 2 2 
11 3 3 3 2 
8 3 2 2 1 
12 3 3 4 2 
10 2 3 3 2 
12 2 4 2 4 
9 2 3 2 2 
11 2 4 2 3 
12 3 3 3 3 
10 3 3 3 1 
10 2 2 2 4 
9 3 2 3 1 
10 2 2 3 3 
21 2 4 2 13 
9 2 2 2 3 
11 2 3 3 3 
8 2 3 1 2 
10 2 2 2 4 
10 2 3 3 2 
8 2 2 2 2 
14 2 4 4 4 
11 2 3 3 3 
10 2 4 2 2 
15 3 4 2 6 
12 2 2 2 6 
9 2 3 3 1 
12 2 4 3 3 
10 2 3 2 3 
9 2 2 2 3 
10 2 3 3 2 
8 2 2 2 2 
9 2 3 2 2 
9 2 3 2 2 
9 2 2 3 2 
9 2 3 2 2 
7 2 2 2 1 
8 2 2 2 2 
7 2 2 2 1 
11 2 4 2 3 
8 2 2 2 2 
10 2 2 3 3 
9 2 3 2 2 
8 2 2 2 2 
9 2 3 2 2 
9 2 3 2 2 
7 2 2 1 2 
10 2 2 3 3 
9 2 3 2 2 
8 2 2 2 2 
7 2 2 2 1 
7 2 2 2 1 
9 2 2 2 3 
10 2 3 3 2 
11 2 3 3 3 
7 2 2 1 2 
8 2 3 2 1 
8 2 2 2 2 
8 1 3 2 2 
7 1 2 2 2 
7 1 2 2 2 
10 2 3 2 3 
7 2 2 1 2 
8 1 2 3 2 
7 2 2 2 1 
7 2 2 2 1 
9 1 2 2 4 
8 1 3 2 2 
9 2 4 1 2 
8 2 2 2 2 
10 2 3 4 1 
7 2 2 2 1 
8 2 2 2 2 
12 2 4 3 3 
10 2 3 1 4 
10 2 2 2 4 
9 2 3 2 2 
11 2 4 4 1 
9 2 3 2 2 
8 2 2 3 1 
9 2 2 4 1 
8 2 2 3 1 
8 2 2 3 1 
8 2 2 2 2 
11 3 2 3 3 
9 2 3 2 2 
10 2 2 4 2 
12 2 1 5 4 
13 2 3 3 5 
12 2 6 2 2 
10 2 3 2 3 
8 2 2 2 2 
8 3 2 2 1 
8 2 3 2 1 
8 2 3 2 1 
9 2 1 3 3 
8 2 2 1 3 
12 2 2 2 6 
7 2 2 2 1 
8 2 3 2 1 
8 2 2 2 2 
12 2 6 2 2 
10 2 3 3 2 
9 2 3 2 2 
8 2 2 2 2 
8 2 2 3 1 
8 2 2 2 2 
10 2 3 3 2 
8 2 2 3 1 
8 2 2 2 2 
7 2 2 2 1 
6 2 2 1 1 
7 2 2 2 1 
8 2 3 2 1 
8 2 2 2 2 
7 2 2 1 2 
8 2 2 2 2 
7 2 2 2 1 
9 2 3 3 1 
9 2 3 2 2 
8 2 2 2 2 
10 2 3 2 3 
9 2 2 3 2 
7 2 2 2 1 
8 2 2 2 2 
7 2 2 2 1 
9 2 3 2 2 
7 2 2 2 1 
7 2 2 2 1 
10 2 3 2 3 
8 2 2 2 2 
9 2 3 2 2 
8 2 2 2 2 
7 2 2 1 2 
12 2 1 3 6 
10 2 2 5 1 
7 2 2 2 1 
8 1 3 2 2 
5 1 2 1 1 
8 1 3 2 2 
8 1 2 2 3 
8 2 3 2 1 
9 2 2 2 3 
9 2 3 1 3 
9 2 3 3 1 
6 1 1 2 2 
9 1 4 3 1 
8 1 2 3 2 
